# reactions: 2
Time	S	I	R	N	Fired Reaction
0.0	46.0	181.0	83.0	310.0	 0
0.00419826708858	46.0	180.0	84.0	310.0	 2
0.00566028663146	45.0	181.0	84.0	310.0	 1
0.0105580742691	45.0	180.0	85.0	310.0	 2
0.0155427309591	44.0	181.0	85.0	310.0	 1
0.0161663807741	44.0	180.0	86.0	310.0	 2
0.0163925581415	43.0	181.0	86.0	310.0	 1
0.0183147107992	43.0	180.0	87.0	310.0	 2
0.0184041104768	43.0	179.0	88.0	310.0	 2
0.0197948827321	43.0	178.0	89.0	310.0	 2
0.0226414752901	43.0	177.0	90.0	310.0	 2
0.023651208826	42.0	178.0	90.0	310.0	 1
0.0238409788658	41.0	179.0	90.0	310.0	 1
0.0242016641341	40.0	180.0	90.0	310.0	 1
0.0250255705866	40.0	179.0	91.0	310.0	 2
0.0336074802535	39.0	180.0	91.0	310.0	 1
0.0382182232307	38.0	181.0	91.0	310.0	 1
0.0393304043366	37.0	182.0	91.0	310.0	 1
0.0399780172819	37.0	181.0	92.0	310.0	 2
0.0434329985994	37.0	180.0	93.0	310.0	 2
0.0493535388955	36.0	181.0	93.0	310.0	 1
0.0611288333117	36.0	180.0	94.0	310.0	 2
0.0673114580639	35.0	181.0	94.0	310.0	 1
0.0683850082968	35.0	180.0	95.0	310.0	 2
0.0760568605365	35.0	179.0	96.0	310.0	 2
0.0772356525959	34.0	180.0	96.0	310.0	 1
0.0782518347167	34.0	179.0	97.0	310.0	 2
0.078866362119	34.0	178.0	98.0	310.0	 2
0.0815434894188	33.0	179.0	98.0	310.0	 1
0.0815711337097	33.0	178.0	99.0	310.0	 2
0.0828219355636	32.0	179.0	99.0	310.0	 1
0.0830922883505	31.0	180.0	99.0	310.0	 1
0.0865688726817	30.0	181.0	99.0	310.0	 1
0.0871020448639	30.0	180.0	100.0	310.0	 2
0.0901187648759	30.0	179.0	101.0	310.0	 2
0.0908979491428	30.0	178.0	102.0	310.0	 2
0.0922036413112	29.0	179.0	102.0	310.0	 1
0.0922494342945	28.0	180.0	102.0	310.0	 1
0.0947587754148	27.0	181.0	102.0	310.0	 1
0.0966664861244	27.0	180.0	103.0	310.0	 2
0.0980828567872	27.0	179.0	104.0	310.0	 2
0.0988342996274	27.0	178.0	105.0	310.0	 2
0.0999219398904	27.0	177.0	106.0	310.0	 2
0.101246734672	27.0	176.0	107.0	310.0	 2
0.103988823852	27.0	175.0	108.0	310.0	 2
0.104844594757	27.0	174.0	109.0	310.0	 2
0.111124487837	26.0	175.0	109.0	310.0	 1
0.11536266599	25.0	176.0	109.0	310.0	 1
0.120670609948	25.0	175.0	110.0	310.0	 2
0.124695421519	25.0	174.0	111.0	310.0	 2
0.131724980736	25.0	173.0	112.0	310.0	 2
0.132095392371	25.0	172.0	113.0	310.0	 2
0.139488640117	25.0	171.0	114.0	310.0	 2
0.139657097478	25.0	170.0	115.0	310.0	 2
0.140155744598	25.0	169.0	116.0	310.0	 2
0.146048489859	25.0	168.0	117.0	310.0	 2
0.147910513226	25.0	167.0	118.0	310.0	 2
0.157804768841	24.0	168.0	118.0	310.0	 1
0.158205196827	24.0	167.0	119.0	310.0	 2
0.167293192893	24.0	166.0	120.0	310.0	 2
0.168044340808	24.0	165.0	121.0	310.0	 2
0.175963741761	23.0	166.0	121.0	310.0	 1
0.186373750265	23.0	165.0	122.0	310.0	 2
0.186676850571	22.0	166.0	122.0	310.0	 1
0.199393633203	22.0	165.0	123.0	310.0	 2
0.201680714949	22.0	164.0	124.0	310.0	 2
0.211337305186	21.0	165.0	124.0	310.0	 1
0.211501073912	21.0	164.0	125.0	310.0	 2
0.213686771373	20.0	165.0	125.0	310.0	 1
0.213995659962	19.0	166.0	125.0	310.0	 1
0.214060419247	18.0	167.0	125.0	310.0	 1
0.219362425061	17.0	168.0	125.0	310.0	 1
0.220269634592	17.0	167.0	126.0	310.0	 2
0.22338748047	17.0	166.0	127.0	310.0	 2
0.234495750082	16.0	167.0	127.0	310.0	 1
0.241841198178	16.0	166.0	128.0	310.0	 2
0.243129952398	16.0	165.0	129.0	310.0	 2
0.247534400167	16.0	164.0	130.0	310.0	 2
0.251400377043	16.0	163.0	131.0	310.0	 2
0.252450289157	16.0	162.0	132.0	310.0	 2
0.257109668086	16.0	161.0	133.0	310.0	 2
0.263095996328	16.0	160.0	134.0	310.0	 2
0.267551205806	16.0	159.0	135.0	310.0	 2
0.271785409731	16.0	158.0	136.0	310.0	 2
0.272731913555	16.0	157.0	137.0	310.0	 2
0.275485424805	16.0	156.0	138.0	310.0	 2
0.278867348198	15.0	157.0	138.0	310.0	 1
0.283552718854	15.0	156.0	139.0	310.0	 2
0.292523911116	14.0	157.0	139.0	310.0	 1
0.293219716756	13.0	158.0	139.0	310.0	 1
0.295377338843	13.0	157.0	140.0	310.0	 2
0.297896509101	13.0	156.0	141.0	310.0	 2
0.298584215572	13.0	155.0	142.0	310.0	 2
0.303353036748	13.0	154.0	143.0	310.0	 2
0.306529213086	12.0	155.0	143.0	310.0	 1
0.308115457137	12.0	154.0	144.0	310.0	 2
0.314135886513	11.0	155.0	144.0	310.0	 1
0.317729508615	11.0	154.0	145.0	310.0	 2
0.318854635635	11.0	153.0	146.0	310.0	 2
0.324220884591	11.0	152.0	147.0	310.0	 2
0.338057000471	11.0	151.0	148.0	310.0	 2
0.348964498101	11.0	150.0	149.0	310.0	 2
0.354211079241	11.0	149.0	150.0	310.0	 2
0.36140917096	11.0	148.0	151.0	310.0	 2
0.367067817526	11.0	147.0	152.0	310.0	 2
0.37699916785	10.0	148.0	152.0	310.0	 1
0.387125683637	10.0	147.0	153.0	310.0	 2
0.387665084603	10.0	146.0	154.0	310.0	 2
0.389445713696	10.0	145.0	155.0	310.0	 2
0.398155558231	10.0	144.0	156.0	310.0	 2
0.402930864069	10.0	143.0	157.0	310.0	 2
0.405575578186	10.0	142.0	158.0	310.0	 2
0.408291076684	10.0	141.0	159.0	310.0	 2
0.410265660417	10.0	140.0	160.0	310.0	 2
0.412962272388	10.0	139.0	161.0	310.0	 2
0.419056818048	10.0	138.0	162.0	310.0	 2
0.421823542993	10.0	137.0	163.0	310.0	 2
0.425298130559	10.0	136.0	164.0	310.0	 2
0.4301628761	10.0	135.0	165.0	310.0	 2
0.454545454545	10.0	135.0	165.0	310.0	 0
