# reactions: 2
Time	S	I	R	N	Fired Reaction
0.0	46.0	181.0	83.0	310.0	 0
0.000726562192959	45.0	182.0	83.0	310.0	 1
0.000998577887572	45.0	181.0	84.0	310.0	 2
0.00964904038745	45.0	180.0	85.0	310.0	 2
0.0114052708272	45.0	179.0	86.0	310.0	 2
0.0123280886537	44.0	180.0	86.0	310.0	 1
0.0189484412268	43.0	181.0	86.0	310.0	 1
0.0190858874747	43.0	180.0	87.0	310.0	 2
0.0195584344382	42.0	181.0	87.0	310.0	 1
0.02097021956	42.0	180.0	88.0	310.0	 2
0.0256689854752	42.0	179.0	89.0	310.0	 2
0.0293204151245	41.0	180.0	89.0	310.0	 1
0.0298758517574	41.0	179.0	90.0	310.0	 2
0.0298935567076	40.0	180.0	90.0	310.0	 1
0.0309184627102	40.0	179.0	91.0	310.0	 2
0.0311691194049	40.0	178.0	92.0	310.0	 2
0.0332567339987	39.0	179.0	92.0	310.0	 1
0.035751698085	39.0	178.0	93.0	310.0	 2
0.0363599899341	38.0	179.0	93.0	310.0	 1
0.0408078218177	38.0	178.0	94.0	310.0	 2
0.0411911252846	38.0	177.0	95.0	310.0	 2
0.042968168388	37.0	178.0	95.0	310.0	 1
0.0438789398199	36.0	179.0	95.0	310.0	 1
0.0438993656523	36.0	178.0	96.0	310.0	 2
0.0460763534499	36.0	177.0	97.0	310.0	 2
0.0501271820875	36.0	176.0	98.0	310.0	 2
0.0502652265698	35.0	177.0	98.0	310.0	 1
0.0528894998817	35.0	176.0	99.0	310.0	 2
0.0576916781913	35.0	175.0	100.0	310.0	 2
0.0649869737165	34.0	176.0	100.0	310.0	 1
0.0733206602492	33.0	177.0	100.0	310.0	 1
0.0763187693124	32.0	178.0	100.0	310.0	 1
0.0808285669288	31.0	179.0	100.0	310.0	 1
0.0933497926954	30.0	180.0	100.0	310.0	 1
0.0960922078645	29.0	181.0	100.0	310.0	 1
0.100343162085	28.0	182.0	100.0	310.0	 1
0.10513406574	28.0	181.0	101.0	310.0	 2
0.106283717889	28.0	180.0	102.0	310.0	 2
0.110523132488	28.0	179.0	103.0	310.0	 2
0.112911476727	27.0	180.0	103.0	310.0	 1
0.116142279251	27.0	179.0	104.0	310.0	 2
0.119894001147	27.0	178.0	105.0	310.0	 2
0.120003473056	27.0	177.0	106.0	310.0	 2
0.120803257234	27.0	176.0	107.0	310.0	 2
0.122860896713	26.0	177.0	107.0	310.0	 1
0.128645380261	25.0	178.0	107.0	310.0	 1
0.131730473558	24.0	179.0	107.0	310.0	 1
0.144508281753	23.0	180.0	107.0	310.0	 1
0.15069070998	23.0	179.0	108.0	310.0	 2
0.157808042794	23.0	178.0	109.0	310.0	 2
0.158061618339	23.0	177.0	110.0	310.0	 2
0.159195771904	23.0	176.0	111.0	310.0	 2
0.160430741633	23.0	175.0	112.0	310.0	 2
0.169775415167	23.0	174.0	113.0	310.0	 2
0.173831509869	22.0	175.0	113.0	310.0	 1
0.175847521102	22.0	174.0	114.0	310.0	 2
0.177187573139	21.0	175.0	114.0	310.0	 1
0.181844689437	21.0	174.0	115.0	310.0	 2
0.185006109481	21.0	173.0	116.0	310.0	 2
0.185070746519	20.0	174.0	116.0	310.0	 1
0.186223892001	20.0	173.0	117.0	310.0	 2
0.190286329035	20.0	172.0	118.0	310.0	 2
0.191629803523	20.0	171.0	119.0	310.0	 2
0.192876602948	20.0	170.0	120.0	310.0	 2
0.202583758538	19.0	171.0	120.0	310.0	 1
0.205585898629	18.0	172.0	120.0	310.0	 1
0.205592831669	17.0	173.0	120.0	310.0	 1
0.218275764533	17.0	172.0	121.0	310.0	 2
0.222748570166	16.0	173.0	121.0	310.0	 1
0.222834949649	16.0	172.0	122.0	310.0	 2
0.222953793977	16.0	171.0	123.0	310.0	 2
0.231653953405	16.0	170.0	124.0	310.0	 2
0.233960962408	16.0	169.0	125.0	310.0	 2
0.23427884765	16.0	168.0	126.0	310.0	 2
0.235491923799	16.0	167.0	127.0	310.0	 2
0.236970135113	15.0	168.0	127.0	310.0	 1
0.239585188447	15.0	167.0	128.0	310.0	 2
0.263220945009	15.0	166.0	129.0	310.0	 2
0.265011065819	14.0	167.0	129.0	310.0	 1
0.266510405802	14.0	166.0	130.0	310.0	 2
0.26766342936	14.0	165.0	131.0	310.0	 2
0.270382669388	14.0	164.0	132.0	310.0	 2
0.270541490456	14.0	163.0	133.0	310.0	 2
0.270884112583	14.0	162.0	134.0	310.0	 2
0.271584620428	14.0	161.0	135.0	310.0	 2
0.274916095531	14.0	160.0	136.0	310.0	 2
0.280074238301	14.0	159.0	137.0	310.0	 2
0.28641003797	14.0	158.0	138.0	310.0	 2
0.289022904027	13.0	159.0	138.0	310.0	 1
0.290154955614	13.0	158.0	139.0	310.0	 2
0.295497311414	13.0	157.0	140.0	310.0	 2
0.299525160492	13.0	156.0	141.0	310.0	 2
0.302939377722	13.0	155.0	142.0	310.0	 2
0.304638621915	13.0	154.0	143.0	310.0	 2
0.306264026631	13.0	153.0	144.0	310.0	 2
0.307155351388	13.0	152.0	145.0	310.0	 2
0.312128677386	12.0	153.0	145.0	310.0	 1
0.312196444228	12.0	152.0	146.0	310.0	 2
0.314563349828	11.0	153.0	146.0	310.0	 1
0.315416381599	11.0	152.0	147.0	310.0	 2
0.324693990891	10.0	153.0	147.0	310.0	 1
0.32955282037	9.0	154.0	147.0	310.0	 1
0.35406859564	8.0	155.0	147.0	310.0	 1
0.359796274754	7.0	156.0	147.0	310.0	 1
0.364988426415	7.0	155.0	148.0	310.0	 2
0.369169795054	7.0	154.0	149.0	310.0	 2
0.371816441618	7.0	153.0	150.0	310.0	 2
0.374686413907	7.0	152.0	151.0	310.0	 2
0.389225554136	7.0	151.0	152.0	310.0	 2
0.389956514673	7.0	150.0	153.0	310.0	 2
0.391568532134	7.0	149.0	154.0	310.0	 2
0.392676775214	7.0	148.0	155.0	310.0	 2
0.394923707666	7.0	147.0	156.0	310.0	 2
0.397909061298	6.0	148.0	156.0	310.0	 1
0.401027475499	6.0	147.0	157.0	310.0	 2
0.413492172383	6.0	146.0	158.0	310.0	 2
0.418939530473	6.0	145.0	159.0	310.0	 2
0.420982638679	6.0	144.0	160.0	310.0	 2
0.437741163372	6.0	143.0	161.0	310.0	 2
0.442356434835	6.0	142.0	162.0	310.0	 2
0.454545454545	6.0	142.0	162.0	310.0	 0
