# reactions: 2
Time	S	I	R	N	Fired Reaction
0.0	46.0	181.0	83.0	310.0	 0
0.000816936906208	46.0	180.0	84.0	310.0	 2
0.00136520541467	46.0	179.0	85.0	310.0	 2
0.00249647397304	46.0	178.0	86.0	310.0	 2
0.00292920917328	45.0	179.0	86.0	310.0	 1
0.00645421705958	44.0	180.0	86.0	310.0	 1
0.00940391555071	44.0	179.0	87.0	310.0	 2
0.0103008312728	43.0	180.0	87.0	310.0	 1
0.0112006424397	43.0	179.0	88.0	310.0	 2
0.0122189573125	42.0	180.0	88.0	310.0	 1
0.0143511392731	41.0	181.0	88.0	310.0	 1
0.0180990512106	41.0	180.0	89.0	310.0	 2
0.0185525444042	40.0	181.0	89.0	310.0	 1
0.0208595823615	40.0	180.0	90.0	310.0	 2
0.0235307468855	39.0	181.0	90.0	310.0	 1
0.0236458252118	39.0	180.0	91.0	310.0	 2
0.0241281554679	38.0	181.0	91.0	310.0	 1
0.0284798312548	38.0	180.0	92.0	310.0	 2
0.0307318026856	37.0	181.0	92.0	310.0	 1
0.031350472365	37.0	180.0	93.0	310.0	 2
0.0318759654507	36.0	181.0	93.0	310.0	 1
0.0402332138187	35.0	182.0	93.0	310.0	 1
0.0412380313428	34.0	183.0	93.0	310.0	 1
0.0422174617423	33.0	184.0	93.0	310.0	 1
0.0424148383367	32.0	185.0	93.0	310.0	 1
0.0489725276714	32.0	184.0	94.0	310.0	 2
0.0496287246995	32.0	183.0	95.0	310.0	 2
0.049685031174	32.0	182.0	96.0	310.0	 2
0.0511792897437	32.0	181.0	97.0	310.0	 2
0.05198439007	31.0	182.0	97.0	310.0	 1
0.0559318566591	31.0	181.0	98.0	310.0	 2
0.064181213244	30.0	182.0	98.0	310.0	 1
0.06795589613	29.0	183.0	98.0	310.0	 1
0.0713828613033	29.0	182.0	99.0	310.0	 2
0.0759986852678	28.0	183.0	99.0	310.0	 1
0.0781882900215	27.0	184.0	99.0	310.0	 1
0.0792790835858	26.0	185.0	99.0	310.0	 1
0.0794975476725	25.0	186.0	99.0	310.0	 1
0.0796798051099	25.0	185.0	100.0	310.0	 2
0.0833175136953	25.0	184.0	101.0	310.0	 2
0.0859314969264	25.0	183.0	102.0	310.0	 2
0.0887886908553	25.0	182.0	103.0	310.0	 2
0.0934309909493	25.0	181.0	104.0	310.0	 2
0.0955790094701	25.0	180.0	105.0	310.0	 2
0.101215141536	25.0	179.0	106.0	310.0	 2
0.113132707166	24.0	180.0	106.0	310.0	 1
0.113234207208	24.0	179.0	107.0	310.0	 2
0.119836667572	23.0	180.0	107.0	310.0	 1
0.128139738574	23.0	179.0	108.0	310.0	 2
0.128443334392	22.0	180.0	108.0	310.0	 1
0.139073782609	22.0	179.0	109.0	310.0	 2
0.140409137765	22.0	178.0	110.0	310.0	 2
0.142596824561	22.0	177.0	111.0	310.0	 2
0.145379487205	21.0	178.0	111.0	310.0	 1
0.151339889584	21.0	177.0	112.0	310.0	 2
0.156808898726	21.0	176.0	113.0	310.0	 2
0.157812648165	20.0	177.0	113.0	310.0	 1
0.159182115141	20.0	176.0	114.0	310.0	 2
0.164161774833	19.0	177.0	114.0	310.0	 1
0.168149650863	19.0	176.0	115.0	310.0	 2
0.168210591052	19.0	175.0	116.0	310.0	 2
0.179541963818	19.0	174.0	117.0	310.0	 2
0.179625896675	19.0	173.0	118.0	310.0	 2
0.182405178342	19.0	172.0	119.0	310.0	 2
0.183673789114	18.0	173.0	119.0	310.0	 1
0.187714413968	18.0	172.0	120.0	310.0	 2
0.188857183297	18.0	171.0	121.0	310.0	 2
0.190190660789	18.0	170.0	122.0	310.0	 2
0.193811120816	18.0	169.0	123.0	310.0	 2
0.195341252842	17.0	170.0	123.0	310.0	 1
0.20616696405	17.0	169.0	124.0	310.0	 2
0.208487242814	17.0	168.0	125.0	310.0	 2
0.208991970595	17.0	167.0	126.0	310.0	 2
0.209962880193	16.0	168.0	126.0	310.0	 1
0.219369996933	16.0	167.0	127.0	310.0	 2
0.220243654005	16.0	166.0	128.0	310.0	 2
0.220920658751	16.0	165.0	129.0	310.0	 2
0.226322173392	16.0	164.0	130.0	310.0	 2
0.227231478847	16.0	163.0	131.0	310.0	 2
0.228592135197	16.0	162.0	132.0	310.0	 2
0.231596261622	16.0	161.0	133.0	310.0	 2
0.235034579605	15.0	162.0	133.0	310.0	 1
0.237867901294	15.0	161.0	134.0	310.0	 2
0.238174865522	15.0	160.0	135.0	310.0	 2
0.239003737232	15.0	159.0	136.0	310.0	 2
0.24564014576	15.0	158.0	137.0	310.0	 2
0.245682396462	14.0	159.0	137.0	310.0	 1
0.262717394523	14.0	158.0	138.0	310.0	 2
0.265166050641	14.0	157.0	139.0	310.0	 2
0.27629104682	14.0	156.0	140.0	310.0	 2
0.27640665505	14.0	155.0	141.0	310.0	 2
0.277812842073	13.0	156.0	141.0	310.0	 1
0.302960404275	12.0	157.0	141.0	310.0	 1
0.304205175959	12.0	156.0	142.0	310.0	 2
0.304917780504	12.0	155.0	143.0	310.0	 2
0.305000303944	12.0	154.0	144.0	310.0	 2
0.305611582527	12.0	153.0	145.0	310.0	 2
0.306693577118	12.0	152.0	146.0	310.0	 2
0.309800151074	12.0	151.0	147.0	310.0	 2
0.311616861963	11.0	152.0	147.0	310.0	 1
0.324548260803	11.0	151.0	148.0	310.0	 2
0.325606304627	10.0	152.0	148.0	310.0	 1
0.327229456137	10.0	151.0	149.0	310.0	 2
0.328802445186	10.0	150.0	150.0	310.0	 2
0.330028116587	10.0	149.0	151.0	310.0	 2
0.339891192115	10.0	148.0	152.0	310.0	 2
0.340078625848	10.0	147.0	153.0	310.0	 2
0.343249203243	10.0	146.0	154.0	310.0	 2
0.343430025485	10.0	145.0	155.0	310.0	 2
0.358783433961	9.0	146.0	155.0	310.0	 1
0.364271161695	9.0	145.0	156.0	310.0	 2
0.372236984445	8.0	146.0	156.0	310.0	 1
0.382239222776	8.0	145.0	157.0	310.0	 2
0.387618831147	7.0	146.0	157.0	310.0	 1
0.39307450271	7.0	145.0	158.0	310.0	 2
0.393255005434	7.0	144.0	159.0	310.0	 2
0.394775300319	7.0	143.0	160.0	310.0	 2
0.397684667916	7.0	142.0	161.0	310.0	 2
0.400861712332	7.0	141.0	162.0	310.0	 2
0.40906227457	7.0	140.0	163.0	310.0	 2
0.412510323085	7.0	139.0	164.0	310.0	 2
0.435082416079	6.0	140.0	164.0	310.0	 1
0.43723401266	6.0	139.0	165.0	310.0	 2
0.438193413066	6.0	138.0	166.0	310.0	 2
0.438853226233	6.0	137.0	167.0	310.0	 2
0.442625827766	6.0	136.0	168.0	310.0	 2
0.454545454545	6.0	136.0	168.0	310.0	 0
