# reactions: 2
Time	S	I	R	N	Fired Reaction
0.0	46.0	181.0	83.0	310.0	 0
0.00104255323128	46.0	180.0	84.0	310.0	 2
0.00130523059105	46.0	179.0	85.0	310.0	 2
0.0027212052273	45.0	180.0	85.0	310.0	 1
0.00313252075937	44.0	181.0	85.0	310.0	 1
0.00713244686327	44.0	180.0	86.0	310.0	 2
0.0103049877562	44.0	179.0	87.0	310.0	 2
0.0125144824253	43.0	180.0	87.0	310.0	 1
0.0125168383796	43.0	179.0	88.0	310.0	 2
0.0170547122983	42.0	180.0	88.0	310.0	 1
0.0180301532634	41.0	181.0	88.0	310.0	 1
0.0199126287026	40.0	182.0	88.0	310.0	 1
0.0201709180617	39.0	183.0	88.0	310.0	 1
0.021990696807	39.0	182.0	89.0	310.0	 2
0.0222098721563	38.0	183.0	89.0	310.0	 1
0.022275051649	38.0	182.0	90.0	310.0	 2
0.0272891200983	37.0	183.0	90.0	310.0	 1
0.0304682754134	36.0	184.0	90.0	310.0	 1
0.0398841259443	35.0	185.0	90.0	310.0	 1
0.0411609726765	35.0	184.0	91.0	310.0	 2
0.0466613025418	34.0	185.0	91.0	310.0	 1
0.0491635627696	34.0	184.0	92.0	310.0	 2
0.0504139841239	34.0	183.0	93.0	310.0	 2
0.0507154912461	33.0	184.0	93.0	310.0	 1
0.0548954369762	32.0	185.0	93.0	310.0	 1
0.0552274622817	32.0	184.0	94.0	310.0	 2
0.0566105289895	32.0	183.0	95.0	310.0	 2
0.060776946982	31.0	184.0	95.0	310.0	 1
0.0705878647148	30.0	185.0	95.0	310.0	 1
0.0796441950489	29.0	186.0	95.0	310.0	 1
0.0803404273927	28.0	187.0	95.0	310.0	 1
0.0857950434632	28.0	186.0	96.0	310.0	 2
0.086611002801	28.0	185.0	97.0	310.0	 2
0.0926011662873	27.0	186.0	97.0	310.0	 1
0.0948051155157	27.0	185.0	98.0	310.0	 2
0.0955559059249	27.0	184.0	99.0	310.0	 2
0.0961687142654	27.0	183.0	100.0	310.0	 2
0.0962671064412	26.0	184.0	100.0	310.0	 1
0.103551036026	26.0	183.0	101.0	310.0	 2
0.106530752986	25.0	184.0	101.0	310.0	 1
0.108010907833	24.0	185.0	101.0	310.0	 1
0.119404632201	24.0	184.0	102.0	310.0	 2
0.121566502184	24.0	183.0	103.0	310.0	 2
0.124807293615	23.0	184.0	103.0	310.0	 1
0.129649953091	22.0	185.0	103.0	310.0	 1
0.130466195302	22.0	184.0	104.0	310.0	 2
0.130891196267	21.0	185.0	104.0	310.0	 1
0.132387963494	20.0	186.0	104.0	310.0	 1
0.133881565057	20.0	185.0	105.0	310.0	 2
0.134695550419	20.0	184.0	106.0	310.0	 2
0.138776548353	20.0	183.0	107.0	310.0	 2
0.144470715165	20.0	182.0	108.0	310.0	 2
0.147378858366	19.0	183.0	108.0	310.0	 1
0.148339317793	18.0	184.0	108.0	310.0	 1
0.148700469759	18.0	183.0	109.0	310.0	 2
0.153117235554	18.0	182.0	110.0	310.0	 2
0.157260304851	18.0	181.0	111.0	310.0	 2
0.15856852035	18.0	180.0	112.0	310.0	 2
0.159336527541	18.0	179.0	113.0	310.0	 2
0.160778652935	18.0	178.0	114.0	310.0	 2
0.170424383558	18.0	177.0	115.0	310.0	 2
0.171938981935	18.0	176.0	116.0	310.0	 2
0.173430875436	18.0	175.0	117.0	310.0	 2
0.180736095643	18.0	174.0	118.0	310.0	 2
0.182341522301	17.0	175.0	118.0	310.0	 1
0.184028349909	17.0	174.0	119.0	310.0	 2
0.184341254162	16.0	175.0	119.0	310.0	 1
0.184503878307	16.0	174.0	120.0	310.0	 2
0.190191993467	15.0	175.0	120.0	310.0	 1
0.19275640962	15.0	174.0	121.0	310.0	 2
0.199041580702	15.0	173.0	122.0	310.0	 2
0.199152159841	15.0	172.0	123.0	310.0	 2
0.201762472737	15.0	171.0	124.0	310.0	 2
0.203515290009	15.0	170.0	125.0	310.0	 2
0.205545379356	15.0	169.0	126.0	310.0	 2
0.208368375262	14.0	170.0	126.0	310.0	 1
0.209775197791	14.0	169.0	127.0	310.0	 2
0.210626357066	14.0	168.0	128.0	310.0	 2
0.210724713402	14.0	167.0	129.0	310.0	 2
0.215398204106	14.0	166.0	130.0	310.0	 2
0.219312096909	14.0	165.0	131.0	310.0	 2
0.246270824708	14.0	164.0	132.0	310.0	 2
0.247069171548	14.0	163.0	133.0	310.0	 2
0.247296328257	14.0	162.0	134.0	310.0	 2
0.248545543579	14.0	161.0	135.0	310.0	 2
0.259216211241	14.0	160.0	136.0	310.0	 2
0.260116917931	14.0	159.0	137.0	310.0	 2
0.267779641259	14.0	158.0	138.0	310.0	 2
0.277291024286	14.0	157.0	139.0	310.0	 2
0.294200127357	13.0	158.0	139.0	310.0	 1
0.305478521499	13.0	157.0	140.0	310.0	 2
0.309500995609	13.0	156.0	141.0	310.0	 2
0.311430380325	13.0	155.0	142.0	310.0	 2
0.311904082009	13.0	154.0	143.0	310.0	 2
0.313780111304	13.0	153.0	144.0	310.0	 2
0.313866549385	13.0	152.0	145.0	310.0	 2
0.324377997939	12.0	153.0	145.0	310.0	 1
0.327763774079	12.0	152.0	146.0	310.0	 2
0.332346940255	11.0	153.0	146.0	310.0	 1
0.333730759916	11.0	152.0	147.0	310.0	 2
0.334711141943	11.0	151.0	148.0	310.0	 2
0.342792673965	11.0	150.0	149.0	310.0	 2
0.34348719562	11.0	149.0	150.0	310.0	 2
0.34625486634	11.0	148.0	151.0	310.0	 2
0.349209707975	11.0	147.0	152.0	310.0	 2
0.351094279753	11.0	146.0	153.0	310.0	 2
0.357699907827	11.0	145.0	154.0	310.0	 2
0.374720097484	11.0	144.0	155.0	310.0	 2
0.374964346425	11.0	143.0	156.0	310.0	 2
0.377669274127	10.0	144.0	156.0	310.0	 1
0.378951292245	10.0	143.0	157.0	310.0	 2
0.38832891049	10.0	142.0	158.0	310.0	 2
0.402605105449	10.0	141.0	159.0	310.0	 2
0.408389255042	10.0	140.0	160.0	310.0	 2
0.410778045333	10.0	139.0	161.0	310.0	 2
0.412468974987	10.0	138.0	162.0	310.0	 2
0.413355355956	10.0	137.0	163.0	310.0	 2
0.414260740552	9.0	138.0	163.0	310.0	 1
0.427970587008	8.0	139.0	163.0	310.0	 1
0.432829581439	8.0	138.0	164.0	310.0	 2
0.435687076662	8.0	137.0	165.0	310.0	 2
0.436924113155	8.0	136.0	166.0	310.0	 2
0.443295515289	8.0	135.0	167.0	310.0	 2
0.450339188585	8.0	134.0	168.0	310.0	 2
0.454545454545	8.0	134.0	168.0	310.0	 0
