# reactions: 2
Time	S	I	R	N	Fired Reaction
0.0	46.0	181.0	83.0	310.0	 0
0.00490656948873	46.0	180.0	84.0	310.0	 2
0.00543292257475	45.0	181.0	84.0	310.0	 1
0.00700843456666	44.0	182.0	84.0	310.0	 1
0.0070283992918	43.0	183.0	84.0	310.0	 1
0.0176829023151	43.0	182.0	85.0	310.0	 2
0.0218660320373	42.0	183.0	85.0	310.0	 1
0.0275538998462	42.0	182.0	86.0	310.0	 2
0.030150392706	41.0	183.0	86.0	310.0	 1
0.0312832622566	41.0	182.0	87.0	310.0	 2
0.031933931507	40.0	183.0	87.0	310.0	 1
0.0330156407248	40.0	182.0	88.0	310.0	 2
0.0441336128868	40.0	181.0	89.0	310.0	 2
0.0454049750566	40.0	180.0	90.0	310.0	 2
0.0461753781572	40.0	179.0	91.0	310.0	 2
0.0473945984843	40.0	178.0	92.0	310.0	 2
0.051771017997	39.0	179.0	92.0	310.0	 1
0.0527033145568	39.0	178.0	93.0	310.0	 2
0.0542779264725	38.0	179.0	93.0	310.0	 1
0.0544706927282	38.0	178.0	94.0	310.0	 2
0.0546433851575	38.0	177.0	95.0	310.0	 2
0.0551089751571	38.0	176.0	96.0	310.0	 2
0.0633742841641	37.0	177.0	96.0	310.0	 1
0.0673787512528	36.0	178.0	96.0	310.0	 1
0.0680002780649	36.0	177.0	97.0	310.0	 2
0.0706856295732	36.0	176.0	98.0	310.0	 2
0.0716281994091	35.0	177.0	98.0	310.0	 1
0.0735640193658	34.0	178.0	98.0	310.0	 1
0.0739538291668	34.0	177.0	99.0	310.0	 2
0.0755408316522	34.0	176.0	100.0	310.0	 2
0.0811767315395	34.0	175.0	101.0	310.0	 2
0.0819971521552	34.0	174.0	102.0	310.0	 2
0.0830603204452	34.0	173.0	103.0	310.0	 2
0.0858717640397	34.0	172.0	104.0	310.0	 2
0.0909278354226	34.0	171.0	105.0	310.0	 2
0.0923246349481	33.0	172.0	105.0	310.0	 1
0.0936890140769	33.0	171.0	106.0	310.0	 2
0.0947096025893	33.0	170.0	107.0	310.0	 2
0.0987110991324	33.0	169.0	108.0	310.0	 2
0.0996438277526	32.0	170.0	108.0	310.0	 1
0.100733528977	32.0	169.0	109.0	310.0	 2
0.104586890503	32.0	168.0	110.0	310.0	 2
0.107011180412	32.0	167.0	111.0	310.0	 2
0.110404465941	31.0	168.0	111.0	310.0	 1
0.110501719573	30.0	169.0	111.0	310.0	 1
0.111088594486	29.0	170.0	111.0	310.0	 1
0.11347522985	28.0	171.0	111.0	310.0	 1
0.11399118977	27.0	172.0	111.0	310.0	 1
0.117083389291	26.0	173.0	111.0	310.0	 1
0.117248450815	25.0	174.0	111.0	310.0	 1
0.121733800509	25.0	173.0	112.0	310.0	 2
0.122136546305	25.0	172.0	113.0	310.0	 2
0.12330384782	25.0	171.0	114.0	310.0	 2
0.12432944027	24.0	172.0	114.0	310.0	 1
0.130025233423	23.0	173.0	114.0	310.0	 1
0.132266962814	23.0	172.0	115.0	310.0	 2
0.134430230055	22.0	173.0	115.0	310.0	 1
0.138792548242	22.0	172.0	116.0	310.0	 2
0.142763513358	21.0	173.0	116.0	310.0	 1
0.148586878517	20.0	174.0	116.0	310.0	 1
0.158887749028	19.0	175.0	116.0	310.0	 1
0.171283770932	19.0	174.0	117.0	310.0	 2
0.172963924577	19.0	173.0	118.0	310.0	 2
0.173275854054	19.0	172.0	119.0	310.0	 2
0.176978014742	18.0	173.0	119.0	310.0	 1
0.183718595911	18.0	172.0	120.0	310.0	 2
0.184580497337	18.0	171.0	121.0	310.0	 2
0.188497244978	17.0	172.0	121.0	310.0	 1
0.191545127811	17.0	171.0	122.0	310.0	 2
0.19270020354	17.0	170.0	123.0	310.0	 2
0.198174124794	17.0	169.0	124.0	310.0	 2
0.199408550261	16.0	170.0	124.0	310.0	 1
0.212691370456	16.0	169.0	125.0	310.0	 2
0.21281514139	15.0	170.0	125.0	310.0	 1
0.213078159718	15.0	169.0	126.0	310.0	 2
0.213528038294	15.0	168.0	127.0	310.0	 2
0.213663563069	14.0	169.0	127.0	310.0	 1
0.219122390477	14.0	168.0	128.0	310.0	 2
0.221827399774	14.0	167.0	129.0	310.0	 2
0.227535640295	13.0	168.0	129.0	310.0	 1
0.236554190926	13.0	167.0	130.0	310.0	 2
0.238755017409	12.0	168.0	130.0	310.0	 1
0.242253925764	12.0	167.0	131.0	310.0	 2
0.267146937407	12.0	166.0	132.0	310.0	 2
0.271199582357	11.0	167.0	132.0	310.0	 1
0.284041017009	10.0	168.0	132.0	310.0	 1
0.285966233419	10.0	167.0	133.0	310.0	 2
0.29633230419	10.0	166.0	134.0	310.0	 2
0.298152368798	10.0	165.0	135.0	310.0	 2
0.309108303695	10.0	164.0	136.0	310.0	 2
0.311338343792	10.0	163.0	137.0	310.0	 2
0.337250702494	10.0	162.0	138.0	310.0	 2
0.349851603626	10.0	161.0	139.0	310.0	 2
0.356825104263	9.0	162.0	139.0	310.0	 1
0.358336994146	9.0	161.0	140.0	310.0	 2
0.36539752993	9.0	160.0	141.0	310.0	 2
0.373127901686	9.0	159.0	142.0	310.0	 2
0.383423942075	9.0	158.0	143.0	310.0	 2
0.38879490446	9.0	157.0	144.0	310.0	 2
0.390074677797	8.0	158.0	144.0	310.0	 1
0.395768461937	8.0	157.0	145.0	310.0	 2
0.398526405506	8.0	156.0	146.0	310.0	 2
0.412471645795	7.0	157.0	146.0	310.0	 1
0.414886280649	7.0	156.0	147.0	310.0	 2
0.418737385992	7.0	155.0	148.0	310.0	 2
0.420257966774	7.0	154.0	149.0	310.0	 2
0.432837762631	7.0	153.0	150.0	310.0	 2
0.434997262269	7.0	152.0	151.0	310.0	 2
0.447228004632	7.0	151.0	152.0	310.0	 2
0.448706394058	7.0	150.0	153.0	310.0	 2
0.454545454545	7.0	150.0	153.0	310.0	 0
