# reactions: 2
Time	S	I	R	N	Fired Reaction
0.0	46.0	181.0	83.0	310.0	 0
0.00448987762596	45.0	182.0	83.0	310.0	 1
0.00889712919278	45.0	181.0	84.0	310.0	 2
0.0102480321771	45.0	180.0	85.0	310.0	 2
0.0105560284389	44.0	181.0	85.0	310.0	 1
0.0134078666375	44.0	180.0	86.0	310.0	 2
0.0187747707563	44.0	179.0	87.0	310.0	 2
0.0279764811028	43.0	180.0	87.0	310.0	 1
0.028199891439	43.0	179.0	88.0	310.0	 2
0.0300707988286	43.0	178.0	89.0	310.0	 2
0.0384992593774	43.0	177.0	90.0	310.0	 2
0.0387545274216	42.0	178.0	90.0	310.0	 1
0.0410454695214	42.0	177.0	91.0	310.0	 2
0.0412063136161	42.0	176.0	92.0	310.0	 2
0.0415925682847	42.0	175.0	93.0	310.0	 2
0.0434780217075	42.0	174.0	94.0	310.0	 2
0.0442512165092	41.0	175.0	94.0	310.0	 1
0.044909466284	40.0	176.0	94.0	310.0	 1
0.0505400765563	39.0	177.0	94.0	310.0	 1
0.0524574247906	38.0	178.0	94.0	310.0	 1
0.0524731943056	37.0	179.0	94.0	310.0	 1
0.0561017671476	37.0	178.0	95.0	310.0	 2
0.0565938850841	37.0	177.0	96.0	310.0	 2
0.0659525253102	36.0	178.0	96.0	310.0	 1
0.0775885335601	36.0	177.0	97.0	310.0	 2
0.0826340952139	36.0	176.0	98.0	310.0	 2
0.0891426672769	35.0	177.0	98.0	310.0	 1
0.098083343087	35.0	176.0	99.0	310.0	 2
0.0995976788474	34.0	177.0	99.0	310.0	 1
0.0996633465042	34.0	176.0	100.0	310.0	 2
0.101909542861	33.0	177.0	100.0	310.0	 1
0.103671275548	33.0	176.0	101.0	310.0	 2
0.106672903102	33.0	175.0	102.0	310.0	 2
0.109140207177	33.0	174.0	103.0	310.0	 2
0.111692616615	33.0	173.0	104.0	310.0	 2
0.114566343921	33.0	172.0	105.0	310.0	 2
0.115695812993	33.0	171.0	106.0	310.0	 2
0.122356790644	33.0	170.0	107.0	310.0	 2
0.128329876062	32.0	171.0	107.0	310.0	 1
0.132242057228	31.0	172.0	107.0	310.0	 1
0.146036624692	31.0	171.0	108.0	310.0	 2
0.146719099934	31.0	170.0	109.0	310.0	 2
0.148637869232	31.0	169.0	110.0	310.0	 2
0.15091939614	30.0	170.0	110.0	310.0	 1
0.152381926457	30.0	169.0	111.0	310.0	 2
0.153079848932	30.0	168.0	112.0	310.0	 2
0.153698527672	30.0	167.0	113.0	310.0	 2
0.154198423809	29.0	168.0	113.0	310.0	 1
0.156131730207	29.0	167.0	114.0	310.0	 2
0.156138513487	29.0	166.0	115.0	310.0	 2
0.156297099228	28.0	167.0	115.0	310.0	 1
0.161490428209	27.0	168.0	115.0	310.0	 1
0.172992534572	27.0	167.0	116.0	310.0	 2
0.173749406388	26.0	168.0	116.0	310.0	 1
0.183896264242	25.0	169.0	116.0	310.0	 1
0.184870366575	24.0	170.0	116.0	310.0	 1
0.187252646816	23.0	171.0	116.0	310.0	 1
0.187563609665	23.0	170.0	117.0	310.0	 2
0.188948191781	23.0	169.0	118.0	310.0	 2
0.191759490814	23.0	168.0	119.0	310.0	 2
0.193996056024	23.0	167.0	120.0	310.0	 2
0.198296702288	22.0	168.0	120.0	310.0	 1
0.199617868893	22.0	167.0	121.0	310.0	 2
0.203582327937	22.0	166.0	122.0	310.0	 2
0.210629713054	22.0	165.0	123.0	310.0	 2
0.218138142391	22.0	164.0	124.0	310.0	 2
0.218438514896	22.0	163.0	125.0	310.0	 2
0.218705084747	21.0	164.0	125.0	310.0	 1
0.218907346108	21.0	163.0	126.0	310.0	 2
0.221562418213	21.0	162.0	127.0	310.0	 2
0.22742888556	21.0	161.0	128.0	310.0	 2
0.236484163143	21.0	160.0	129.0	310.0	 2
0.237073590813	21.0	159.0	130.0	310.0	 2
0.242033979623	21.0	158.0	131.0	310.0	 2
0.243036553805	21.0	157.0	132.0	310.0	 2
0.244565002185	20.0	158.0	132.0	310.0	 1
0.245884455416	19.0	159.0	132.0	310.0	 1
0.25052050009	19.0	158.0	133.0	310.0	 2
0.251219179489	18.0	159.0	133.0	310.0	 1
0.268771181372	17.0	160.0	133.0	310.0	 1
0.275697918226	17.0	159.0	134.0	310.0	 2
0.27797538636	16.0	160.0	134.0	310.0	 1
0.27832587249	15.0	161.0	134.0	310.0	 1
0.281244958799	15.0	160.0	135.0	310.0	 2
0.281363102171	15.0	159.0	136.0	310.0	 2
0.294431770808	14.0	160.0	136.0	310.0	 1
0.296291373616	13.0	161.0	136.0	310.0	 1
0.301852118385	13.0	160.0	137.0	310.0	 2
0.303939878713	13.0	159.0	138.0	310.0	 2
0.303967311901	13.0	158.0	139.0	310.0	 2
0.304344066216	13.0	157.0	140.0	310.0	 2
0.307580936977	13.0	156.0	141.0	310.0	 2
0.314854938757	13.0	155.0	142.0	310.0	 2
0.315506752301	13.0	154.0	143.0	310.0	 2
0.316411171965	13.0	153.0	144.0	310.0	 2
0.331775485738	13.0	152.0	145.0	310.0	 2
0.335441166873	12.0	153.0	145.0	310.0	 1
0.346913370907	12.0	152.0	146.0	310.0	 2
0.350257888863	11.0	153.0	146.0	310.0	 1
0.356346302555	11.0	152.0	147.0	310.0	 2
0.359313343779	11.0	151.0	148.0	310.0	 2
0.362909686277	10.0	152.0	148.0	310.0	 1
0.364465548802	10.0	151.0	149.0	310.0	 2
0.365053848101	9.0	152.0	149.0	310.0	 1
0.366978645382	9.0	151.0	150.0	310.0	 2
0.374312126546	9.0	150.0	151.0	310.0	 2
0.378573194484	9.0	149.0	152.0	310.0	 2
0.387373515811	9.0	148.0	153.0	310.0	 2
0.390244151871	9.0	147.0	154.0	310.0	 2
0.392234769878	9.0	146.0	155.0	310.0	 2
0.392347336021	9.0	145.0	156.0	310.0	 2
0.393270225003	9.0	144.0	157.0	310.0	 2
0.394970397759	9.0	143.0	158.0	310.0	 2
0.396956176067	9.0	142.0	159.0	310.0	 2
0.401232813277	9.0	141.0	160.0	310.0	 2
0.40137287512	9.0	140.0	161.0	310.0	 2
0.403517959941	8.0	141.0	161.0	310.0	 1
0.404604010745	8.0	140.0	162.0	310.0	 2
0.405271882087	7.0	141.0	162.0	310.0	 1
0.420631966669	7.0	140.0	163.0	310.0	 2
0.422313229066	7.0	139.0	164.0	310.0	 2
0.422838915918	7.0	138.0	165.0	310.0	 2
0.424581883402	7.0	137.0	166.0	310.0	 2
0.428300192287	7.0	136.0	167.0	310.0	 2
0.438686915721	7.0	135.0	168.0	310.0	 2
0.441324981954	7.0	134.0	169.0	310.0	 2
0.445507871512	7.0	133.0	170.0	310.0	 2
0.454545454545	7.0	133.0	170.0	310.0	 0
