# reactions: 2
Time	S	I	R	N	Fired Reaction
0.0	46.0	181.0	83.0	310.0	 0
0.000377683711529	46.0	180.0	84.0	310.0	 2
0.0015759859291	45.0	181.0	84.0	310.0	 1
0.00252182833238	44.0	182.0	84.0	310.0	 1
0.00488948692554	43.0	183.0	84.0	310.0	 1
0.0116701272836	42.0	184.0	84.0	310.0	 1
0.0157522970143	41.0	185.0	84.0	310.0	 1
0.0187538257539	40.0	186.0	84.0	310.0	 1
0.0198969942011	39.0	187.0	84.0	310.0	 1
0.0230819139293	38.0	188.0	84.0	310.0	 1
0.0238475454553	37.0	189.0	84.0	310.0	 1
0.024980106703	37.0	188.0	85.0	310.0	 2
0.0290950992987	36.0	189.0	85.0	310.0	 1
0.0294290231441	35.0	190.0	85.0	310.0	 1
0.0354374216335	34.0	191.0	85.0	310.0	 1
0.0370442888467	34.0	190.0	86.0	310.0	 2
0.0461898494124	33.0	191.0	86.0	310.0	 1
0.0510220556518	32.0	192.0	86.0	310.0	 1
0.0523396374637	32.0	191.0	87.0	310.0	 2
0.0536705975756	31.0	192.0	87.0	310.0	 1
0.0576810022131	31.0	191.0	88.0	310.0	 2
0.0582081112243	30.0	192.0	88.0	310.0	 1
0.0595974248082	30.0	191.0	89.0	310.0	 2
0.0647277977875	30.0	190.0	90.0	310.0	 2
0.0722025539867	29.0	191.0	90.0	310.0	 1
0.0745066819651	28.0	192.0	90.0	310.0	 1
0.0746161775538	28.0	191.0	91.0	310.0	 2
0.0749557448854	28.0	190.0	92.0	310.0	 2
0.0749941824998	28.0	189.0	93.0	310.0	 2
0.0844584523599	28.0	188.0	94.0	310.0	 2
0.0862465926078	27.0	189.0	94.0	310.0	 1
0.0895652145469	26.0	190.0	94.0	310.0	 1
0.0953299005055	25.0	191.0	94.0	310.0	 1
0.100057974753	25.0	190.0	95.0	310.0	 2
0.106069496842	24.0	191.0	95.0	310.0	 1
0.111186929779	24.0	190.0	96.0	310.0	 2
0.113226749461	24.0	189.0	97.0	310.0	 2
0.117172442257	23.0	190.0	97.0	310.0	 1
0.118313433049	23.0	189.0	98.0	310.0	 2
0.118744896402	23.0	188.0	99.0	310.0	 2
0.121679040472	23.0	187.0	100.0	310.0	 2
0.136047713018	22.0	188.0	100.0	310.0	 1
0.136149653307	22.0	187.0	101.0	310.0	 2
0.136275673158	21.0	188.0	101.0	310.0	 1
0.139558068043	21.0	187.0	102.0	310.0	 2
0.149646420332	20.0	188.0	102.0	310.0	 1
0.158471957551	20.0	187.0	103.0	310.0	 2
0.164447756271	19.0	188.0	103.0	310.0	 1
0.172517369244	19.0	187.0	104.0	310.0	 2
0.172742092052	19.0	186.0	105.0	310.0	 2
0.174960856562	19.0	185.0	106.0	310.0	 2
0.175729853234	19.0	184.0	107.0	310.0	 2
0.176539759766	18.0	185.0	107.0	310.0	 1
0.176626605437	18.0	184.0	108.0	310.0	 2
0.178053069773	18.0	183.0	109.0	310.0	 2
0.181478574911	17.0	184.0	109.0	310.0	 1
0.182394186304	17.0	183.0	110.0	310.0	 2
0.185431821065	16.0	184.0	110.0	310.0	 1
0.190674393736	15.0	185.0	110.0	310.0	 1
0.193030548891	15.0	184.0	111.0	310.0	 2
0.193219137612	14.0	185.0	111.0	310.0	 1
0.200060866694	14.0	184.0	112.0	310.0	 2
0.201448668047	14.0	183.0	113.0	310.0	 2
0.204838517326	14.0	182.0	114.0	310.0	 2
0.208274412924	14.0	181.0	115.0	310.0	 2
0.208701472234	14.0	180.0	116.0	310.0	 2
0.20970992189	13.0	181.0	116.0	310.0	 1
0.215149290398	13.0	180.0	117.0	310.0	 2
0.215285513249	12.0	181.0	117.0	310.0	 1
0.219562925715	11.0	182.0	117.0	310.0	 1
0.22111704955	10.0	183.0	117.0	310.0	 1
0.223494021639	10.0	182.0	118.0	310.0	 2
0.243840358743	10.0	181.0	119.0	310.0	 2
0.246261697619	10.0	180.0	120.0	310.0	 2
0.273064325403	10.0	179.0	121.0	310.0	 2
0.279618830443	10.0	178.0	122.0	310.0	 2
0.279897922773	10.0	177.0	123.0	310.0	 2
0.2820886891	10.0	176.0	124.0	310.0	 2
0.300920919974	10.0	175.0	125.0	310.0	 2
0.318554141837	9.0	176.0	125.0	310.0	 1
0.318737684433	8.0	177.0	125.0	310.0	 1
0.319261116458	8.0	176.0	126.0	310.0	 2
0.324074341209	8.0	175.0	127.0	310.0	 2
0.328610289487	8.0	174.0	128.0	310.0	 2
0.329754389854	8.0	173.0	129.0	310.0	 2
0.334004850845	8.0	172.0	130.0	310.0	 2
0.337115921207	8.0	171.0	131.0	310.0	 2
0.339773066025	8.0	170.0	132.0	310.0	 2
0.340282712661	8.0	169.0	133.0	310.0	 2
0.354837062416	7.0	170.0	133.0	310.0	 1
0.358342960445	7.0	169.0	134.0	310.0	 2
0.36063050875	7.0	168.0	135.0	310.0	 2
0.368532411972	7.0	167.0	136.0	310.0	 2
0.369168765325	7.0	166.0	137.0	310.0	 2
0.370819150484	6.0	167.0	137.0	310.0	 1
0.373660913807	6.0	166.0	138.0	310.0	 2
0.38289578352	5.0	167.0	138.0	310.0	 1
0.394726831784	5.0	166.0	139.0	310.0	 2
0.396974165728	5.0	165.0	140.0	310.0	 2
0.407729149329	5.0	164.0	141.0	310.0	 2
0.435743135602	5.0	163.0	142.0	310.0	 2
0.440781685656	5.0	162.0	143.0	310.0	 2
0.446278357345	5.0	161.0	144.0	310.0	 2
0.449534293382	5.0	160.0	145.0	310.0	 2
0.449750660265	5.0	159.0	146.0	310.0	 2
0.450476361404	5.0	158.0	147.0	310.0	 2
0.452497449339	5.0	157.0	148.0	310.0	 2
0.454070460815	5.0	156.0	149.0	310.0	 2
0.454545454545	5.0	156.0	149.0	310.0	 0
