# reactions: 2
Time	S	I	R	N	Fired Reaction
0.0	46.0	181.0	83.0	310.0	 0
0.00049634247166	45.0	182.0	83.0	310.0	 1
0.000826399326989	45.0	181.0	84.0	310.0	 2
0.0067272101132	44.0	182.0	84.0	310.0	 1
0.00852618631108	44.0	181.0	85.0	310.0	 2
0.00984695570283	44.0	180.0	86.0	310.0	 2
0.0105944387162	44.0	179.0	87.0	310.0	 2
0.0135157542898	43.0	180.0	87.0	310.0	 1
0.0138409144559	43.0	179.0	88.0	310.0	 2
0.0146994010627	42.0	180.0	88.0	310.0	 1
0.0148102047612	41.0	181.0	88.0	310.0	 1
0.0190412126831	41.0	180.0	89.0	310.0	 2
0.0212098943178	40.0	181.0	89.0	310.0	 1
0.0218655118456	39.0	182.0	89.0	310.0	 1
0.0302255546532	39.0	181.0	90.0	310.0	 2
0.0346223538937	39.0	180.0	91.0	310.0	 2
0.038458808195	38.0	181.0	91.0	310.0	 1
0.041056629192	38.0	180.0	92.0	310.0	 2
0.042084914119	38.0	179.0	93.0	310.0	 2
0.0423062101044	38.0	178.0	94.0	310.0	 2
0.0462491860631	38.0	177.0	95.0	310.0	 2
0.0470355512444	38.0	176.0	96.0	310.0	 2
0.0472169957579	37.0	177.0	96.0	310.0	 1
0.0538356750338	37.0	176.0	97.0	310.0	 2
0.0658866279246	36.0	177.0	97.0	310.0	 1
0.0666438752405	35.0	178.0	97.0	310.0	 1
0.0692663453032	35.0	177.0	98.0	310.0	 2
0.0770818022025	35.0	176.0	99.0	310.0	 2
0.0793429918588	34.0	177.0	99.0	310.0	 1
0.0803403683448	33.0	178.0	99.0	310.0	 1
0.0833798978113	32.0	179.0	99.0	310.0	 1
0.0947981495286	31.0	180.0	99.0	310.0	 1
0.0981903205965	30.0	181.0	99.0	310.0	 1
0.103285631868	29.0	182.0	99.0	310.0	 1
0.106646177182	28.0	183.0	99.0	310.0	 1
0.110278535497	27.0	184.0	99.0	310.0	 1
0.113680960763	27.0	183.0	100.0	310.0	 2
0.115354771123	26.0	184.0	100.0	310.0	 1
0.116000849911	26.0	183.0	101.0	310.0	 2
0.116413664669	25.0	184.0	101.0	310.0	 1
0.117556618033	25.0	183.0	102.0	310.0	 2
0.11845811809	25.0	182.0	103.0	310.0	 2
0.127126687338	25.0	181.0	104.0	310.0	 2
0.131940304436	24.0	182.0	104.0	310.0	 1
0.132693874361	24.0	181.0	105.0	310.0	 2
0.133253440711	24.0	180.0	106.0	310.0	 2
0.135733418926	23.0	181.0	106.0	310.0	 1
0.136708183112	22.0	182.0	106.0	310.0	 1
0.138202391338	22.0	181.0	107.0	310.0	 2
0.140194684002	22.0	180.0	108.0	310.0	 2
0.15209174938	21.0	181.0	108.0	310.0	 1
0.161359196228	20.0	182.0	108.0	310.0	 1
0.162590081895	19.0	183.0	108.0	310.0	 1
0.167607029013	18.0	184.0	108.0	310.0	 1
0.168161840431	18.0	183.0	109.0	310.0	 2
0.169198909909	18.0	182.0	110.0	310.0	 2
0.174345419211	18.0	181.0	111.0	310.0	 2
0.174481664132	18.0	180.0	112.0	310.0	 2
0.180869127131	18.0	179.0	113.0	310.0	 2
0.185195595788	18.0	178.0	114.0	310.0	 2
0.197541993238	18.0	177.0	115.0	310.0	 2
0.205321688309	17.0	178.0	115.0	310.0	 1
0.216935612453	17.0	177.0	116.0	310.0	 2
0.217821678843	17.0	176.0	117.0	310.0	 2
0.218765728139	17.0	175.0	118.0	310.0	 2
0.223923265874	17.0	174.0	119.0	310.0	 2
0.224556282841	17.0	173.0	120.0	310.0	 2
0.226503243609	17.0	172.0	121.0	310.0	 2
0.232982675764	17.0	171.0	122.0	310.0	 2
0.248456062468	17.0	170.0	123.0	310.0	 2
0.249685068607	17.0	169.0	124.0	310.0	 2
0.250011528274	17.0	168.0	125.0	310.0	 2
0.254096534889	17.0	167.0	126.0	310.0	 2
0.255054012175	17.0	166.0	127.0	310.0	 2
0.258160986423	17.0	165.0	128.0	310.0	 2
0.258578889208	17.0	164.0	129.0	310.0	 2
0.268538115833	17.0	163.0	130.0	310.0	 2
0.291109354719	16.0	164.0	130.0	310.0	 1
0.295636507077	16.0	163.0	131.0	310.0	 2
0.296143366118	16.0	162.0	132.0	310.0	 2
0.299974703678	16.0	161.0	133.0	310.0	 2
0.303967679963	16.0	160.0	134.0	310.0	 2
0.312263115248	15.0	161.0	134.0	310.0	 1
0.31255483917	15.0	160.0	135.0	310.0	 2
0.312906801003	15.0	159.0	136.0	310.0	 2
0.318234990287	15.0	158.0	137.0	310.0	 2
0.320869984888	15.0	157.0	138.0	310.0	 2
0.33363514389	15.0	156.0	139.0	310.0	 2
0.337589877004	15.0	155.0	140.0	310.0	 2
0.341100242401	15.0	154.0	141.0	310.0	 2
0.344076871456	14.0	155.0	141.0	310.0	 1
0.352612513147	14.0	154.0	142.0	310.0	 2
0.356547019234	14.0	153.0	143.0	310.0	 2
0.357970192953	14.0	152.0	144.0	310.0	 2
0.361086283782	13.0	153.0	144.0	310.0	 1
0.36896026091	13.0	152.0	145.0	310.0	 2
0.370760701781	13.0	151.0	146.0	310.0	 2
0.374165171315	13.0	150.0	147.0	310.0	 2
0.377418858353	13.0	149.0	148.0	310.0	 2
0.381557837977	13.0	148.0	149.0	310.0	 2
0.381759764034	13.0	147.0	150.0	310.0	 2
0.3823253879	12.0	148.0	150.0	310.0	 1
0.38531395281	12.0	147.0	151.0	310.0	 2
0.38633659191	12.0	146.0	152.0	310.0	 2
0.397509981917	12.0	145.0	153.0	310.0	 2
0.401661488453	12.0	144.0	154.0	310.0	 2
0.402888730423	12.0	143.0	155.0	310.0	 2
0.40315467649	12.0	142.0	156.0	310.0	 2
0.415380474299	12.0	141.0	157.0	310.0	 2
0.417199778331	12.0	140.0	158.0	310.0	 2
0.418259976532	11.0	141.0	158.0	310.0	 1
0.418339122439	11.0	140.0	159.0	310.0	 2
0.429212217962	11.0	139.0	160.0	310.0	 2
0.429800424545	11.0	138.0	161.0	310.0	 2
0.438135951461	11.0	137.0	162.0	310.0	 2
0.439800462491	10.0	138.0	162.0	310.0	 1
0.444140968431	10.0	137.0	163.0	310.0	 2
0.448049357152	10.0	136.0	164.0	310.0	 2
0.448630095398	10.0	135.0	165.0	310.0	 2
0.449975535694	9.0	136.0	165.0	310.0	 1
0.450037671621	8.0	137.0	165.0	310.0	 1
0.452801210846	8.0	136.0	166.0	310.0	 2
0.454399264774	8.0	135.0	167.0	310.0	 2
0.454545454545	8.0	135.0	167.0	310.0	 0
