# reactions: 2
Time	S	I	R	N	Fired Reaction
0.0	46.0	181.0	83.0	310.0	 0
0.0101607359293	45.0	182.0	83.0	310.0	 1
0.0121437816657	45.0	181.0	84.0	310.0	 2
0.0134296600772	45.0	180.0	85.0	310.0	 2
0.0172496005573	44.0	181.0	85.0	310.0	 1
0.019662798509	43.0	182.0	85.0	310.0	 1
0.0202336329522	42.0	183.0	85.0	310.0	 1
0.0203327590787	41.0	184.0	85.0	310.0	 1
0.025313604388	40.0	185.0	85.0	310.0	 1
0.0254336959623	40.0	184.0	86.0	310.0	 2
0.027768406721	39.0	185.0	86.0	310.0	 1
0.0279803793116	38.0	186.0	86.0	310.0	 1
0.0290307456468	38.0	185.0	87.0	310.0	 2
0.0291167455688	38.0	184.0	88.0	310.0	 2
0.036377325724	37.0	185.0	88.0	310.0	 1
0.0391364379325	37.0	184.0	89.0	310.0	 2
0.0432757449744	36.0	185.0	89.0	310.0	 1
0.0439454751451	35.0	186.0	89.0	310.0	 1
0.0511702465659	34.0	187.0	89.0	310.0	 1
0.052309655148	34.0	186.0	90.0	310.0	 2
0.0567183318736	33.0	187.0	90.0	310.0	 1
0.0578093611127	33.0	186.0	91.0	310.0	 2
0.0629700883703	32.0	187.0	91.0	310.0	 1
0.0667060780347	32.0	186.0	92.0	310.0	 2
0.0678616382839	32.0	185.0	93.0	310.0	 2
0.073127323753	32.0	184.0	94.0	310.0	 2
0.0755755049669	31.0	185.0	94.0	310.0	 1
0.0778313661583	31.0	184.0	95.0	310.0	 2
0.0804692934787	31.0	183.0	96.0	310.0	 2
0.0818967452133	30.0	184.0	96.0	310.0	 1
0.0843137914862	29.0	185.0	96.0	310.0	 1
0.0843717752177	29.0	184.0	97.0	310.0	 2
0.0889618399405	28.0	185.0	97.0	310.0	 1
0.0897686086151	28.0	184.0	98.0	310.0	 2
0.0928406780857	28.0	183.0	99.0	310.0	 2
0.0938439117685	28.0	182.0	100.0	310.0	 2
0.09716703817	27.0	183.0	100.0	310.0	 1
0.0992301591985	27.0	182.0	101.0	310.0	 2
0.100765351503	26.0	183.0	101.0	310.0	 1
0.107891992648	25.0	184.0	101.0	310.0	 1
0.116596889773	24.0	185.0	101.0	310.0	 1
0.119935569464	23.0	186.0	101.0	310.0	 1
0.121209415258	22.0	187.0	101.0	310.0	 1
0.129301599086	22.0	186.0	102.0	310.0	 2
0.134337096644	22.0	185.0	103.0	310.0	 2
0.135322434074	22.0	184.0	104.0	310.0	 2
0.135782742447	21.0	185.0	104.0	310.0	 1
0.141166981502	21.0	184.0	105.0	310.0	 2
0.143311616597	21.0	183.0	106.0	310.0	 2
0.150455539005	21.0	182.0	107.0	310.0	 2
0.159342592225	20.0	183.0	107.0	310.0	 1
0.165800519268	19.0	184.0	107.0	310.0	 1
0.167787059017	18.0	185.0	107.0	310.0	 1
0.174613285224	18.0	184.0	108.0	310.0	 2
0.175490405881	18.0	183.0	109.0	310.0	 2
0.179204560448	18.0	182.0	110.0	310.0	 2
0.181479217641	18.0	181.0	111.0	310.0	 2
0.198201626762	18.0	180.0	112.0	310.0	 2
0.205555123194	17.0	181.0	112.0	310.0	 1
0.207589885437	17.0	180.0	113.0	310.0	 2
0.215379239456	17.0	179.0	114.0	310.0	 2
0.221862317841	17.0	178.0	115.0	310.0	 2
0.227296884185	17.0	177.0	116.0	310.0	 2
0.230841987203	17.0	176.0	117.0	310.0	 2
0.234522661688	16.0	177.0	117.0	310.0	 1
0.237267403451	16.0	176.0	118.0	310.0	 2
0.24725298124	16.0	175.0	119.0	310.0	 2
0.251010455468	16.0	174.0	120.0	310.0	 2
0.256783781497	16.0	173.0	121.0	310.0	 2
0.269985855866	16.0	172.0	122.0	310.0	 2
0.271479046643	16.0	171.0	123.0	310.0	 2
0.275667261526	16.0	170.0	124.0	310.0	 2
0.276685038534	16.0	169.0	125.0	310.0	 2
0.279582020266	16.0	168.0	126.0	310.0	 2
0.282821764749	16.0	167.0	127.0	310.0	 2
0.286077223241	16.0	166.0	128.0	310.0	 2
0.290128158053	15.0	167.0	128.0	310.0	 1
0.291880138009	15.0	166.0	129.0	310.0	 2
0.291890715139	14.0	167.0	129.0	310.0	 1
0.296129608111	14.0	166.0	130.0	310.0	 2
0.303790404915	14.0	165.0	131.0	310.0	 2
0.305750759716	13.0	166.0	131.0	310.0	 1
0.306572921183	13.0	165.0	132.0	310.0	 2
0.309751080825	13.0	164.0	133.0	310.0	 2
0.313107839533	13.0	163.0	134.0	310.0	 2
0.313593633692	12.0	164.0	134.0	310.0	 1
0.314496424485	12.0	163.0	135.0	310.0	 2
0.314541780378	12.0	162.0	136.0	310.0	 2
0.316365661673	12.0	161.0	137.0	310.0	 2
0.320359161493	11.0	162.0	137.0	310.0	 1
0.32145514825	11.0	161.0	138.0	310.0	 2
0.322583628	11.0	160.0	139.0	310.0	 2
0.330895917017	11.0	159.0	140.0	310.0	 2
0.335641796343	11.0	158.0	141.0	310.0	 2
0.335668522451	10.0	159.0	141.0	310.0	 1
0.339041521826	10.0	158.0	142.0	310.0	 2
0.34378750112	9.0	159.0	142.0	310.0	 1
0.354883689954	9.0	158.0	143.0	310.0	 2
0.355653665172	9.0	157.0	144.0	310.0	 2
0.359183426195	9.0	156.0	145.0	310.0	 2
0.361873290042	9.0	155.0	146.0	310.0	 2
0.363862753413	9.0	154.0	147.0	310.0	 2
0.366683387691	9.0	153.0	148.0	310.0	 2
0.36673093731	9.0	152.0	149.0	310.0	 2
0.369209413836	9.0	151.0	150.0	310.0	 2
0.38025560487	9.0	150.0	151.0	310.0	 2
0.388417667959	9.0	149.0	152.0	310.0	 2
0.391682570284	8.0	150.0	152.0	310.0	 1
0.394664361603	8.0	149.0	153.0	310.0	 2
0.396156674164	8.0	148.0	154.0	310.0	 2
0.398445278024	8.0	147.0	155.0	310.0	 2
0.409458849573	8.0	146.0	156.0	310.0	 2
0.413629866418	8.0	145.0	157.0	310.0	 2
0.426447304814	8.0	144.0	158.0	310.0	 2
0.450029874118	8.0	143.0	159.0	310.0	 2
0.454545454545	8.0	143.0	159.0	310.0	 0
