# reactions: 2
Time	S	I	R	N	Fired Reaction
0.0	46.0	181.0	83.0	310.0	 0
0.00287072928598	46.0	180.0	84.0	310.0	 2
0.00292105024833	46.0	179.0	85.0	310.0	 2
0.00488196280353	46.0	178.0	86.0	310.0	 2
0.0102325909784	45.0	179.0	86.0	310.0	 1
0.0131928297319	44.0	180.0	86.0	310.0	 1
0.0149722736709	43.0	181.0	86.0	310.0	 1
0.016423682745	43.0	180.0	87.0	310.0	 2
0.018152042758	43.0	179.0	88.0	310.0	 2
0.0196281183479	43.0	178.0	89.0	310.0	 2
0.020710373069	42.0	179.0	89.0	310.0	 1
0.0210467031069	41.0	180.0	89.0	310.0	 1
0.0294112974292	40.0	181.0	89.0	310.0	 1
0.0339775760527	40.0	180.0	90.0	310.0	 2
0.0352311712285	39.0	181.0	90.0	310.0	 1
0.0361077388456	39.0	180.0	91.0	310.0	 2
0.0368856423008	39.0	179.0	92.0	310.0	 2
0.0373556771065	38.0	180.0	92.0	310.0	 1
0.0428902814752	37.0	181.0	92.0	310.0	 1
0.0507396565125	36.0	182.0	92.0	310.0	 1
0.0530328909998	36.0	181.0	93.0	310.0	 2
0.0536053333021	36.0	180.0	94.0	310.0	 2
0.05845553434	36.0	179.0	95.0	310.0	 2
0.0584739352162	35.0	180.0	95.0	310.0	 1
0.0610968813241	35.0	179.0	96.0	310.0	 2
0.0649104545978	34.0	180.0	96.0	310.0	 1
0.0669272323199	33.0	181.0	96.0	310.0	 1
0.0720150854877	32.0	182.0	96.0	310.0	 1
0.0740597170027	32.0	181.0	97.0	310.0	 2
0.0854398207995	32.0	180.0	98.0	310.0	 2
0.0916991135154	32.0	179.0	99.0	310.0	 2
0.0936930778648	31.0	180.0	99.0	310.0	 1
0.0948403478684	31.0	179.0	100.0	310.0	 2
0.103775618245	30.0	180.0	100.0	310.0	 1
0.103938715951	29.0	181.0	100.0	310.0	 1
0.10407130969	28.0	182.0	100.0	310.0	 1
0.105806067939	28.0	181.0	101.0	310.0	 2
0.106753618887	28.0	180.0	102.0	310.0	 2
0.110951917669	28.0	179.0	103.0	310.0	 2
0.113232620912	28.0	178.0	104.0	310.0	 2
0.120856741452	28.0	177.0	105.0	310.0	 2
0.121405123798	28.0	176.0	106.0	310.0	 2
0.124174685447	27.0	177.0	106.0	310.0	 1
0.127594176079	27.0	176.0	107.0	310.0	 2
0.128346067077	26.0	177.0	107.0	310.0	 1
0.131330790962	26.0	176.0	108.0	310.0	 2
0.133734595191	25.0	177.0	108.0	310.0	 1
0.142198821553	25.0	176.0	109.0	310.0	 2
0.144743827829	25.0	175.0	110.0	310.0	 2
0.148497522647	25.0	174.0	111.0	310.0	 2
0.152403232487	24.0	175.0	111.0	310.0	 1
0.158654319253	24.0	174.0	112.0	310.0	 2
0.16148213828	23.0	175.0	112.0	310.0	 1
0.170336567765	22.0	176.0	112.0	310.0	 1
0.173868746578	22.0	175.0	113.0	310.0	 2
0.175112180718	21.0	176.0	113.0	310.0	 1
0.179791051578	21.0	175.0	114.0	310.0	 2
0.181399820848	21.0	174.0	115.0	310.0	 2
0.182223430217	21.0	173.0	116.0	310.0	 2
0.186032725463	21.0	172.0	117.0	310.0	 2
0.186130827704	21.0	171.0	118.0	310.0	 2
0.195711733059	21.0	170.0	119.0	310.0	 2
0.206349233805	21.0	169.0	120.0	310.0	 2
0.207934130597	20.0	170.0	120.0	310.0	 1
0.209285797504	19.0	171.0	120.0	310.0	 1
0.216824961359	18.0	172.0	120.0	310.0	 1
0.217659949086	18.0	171.0	121.0	310.0	 2
0.220898170467	18.0	170.0	122.0	310.0	 2
0.226178503685	17.0	171.0	122.0	310.0	 1
0.228054031307	17.0	170.0	123.0	310.0	 2
0.2354971748	17.0	169.0	124.0	310.0	 2
0.240320835677	17.0	168.0	125.0	310.0	 2
0.249824447659	17.0	167.0	126.0	310.0	 2
0.25301494057	17.0	166.0	127.0	310.0	 2
0.254342798875	17.0	165.0	128.0	310.0	 2
0.255244583113	17.0	164.0	129.0	310.0	 2
0.262059621481	17.0	163.0	130.0	310.0	 2
0.262329220479	17.0	162.0	131.0	310.0	 2
0.262688434969	16.0	163.0	131.0	310.0	 1
0.265155682309	16.0	162.0	132.0	310.0	 2
0.268018603554	16.0	161.0	133.0	310.0	 2
0.276216958892	16.0	160.0	134.0	310.0	 2
0.27703142087	16.0	159.0	135.0	310.0	 2
0.278880952053	15.0	160.0	135.0	310.0	 1
0.280734213655	14.0	161.0	135.0	310.0	 1
0.297544660427	14.0	160.0	136.0	310.0	 2
0.299004810287	14.0	159.0	137.0	310.0	 2
0.299619960528	14.0	158.0	138.0	310.0	 2
0.300446059283	14.0	157.0	139.0	310.0	 2
0.303053214467	13.0	158.0	139.0	310.0	 1
0.30923716274	13.0	157.0	140.0	310.0	 2
0.309430639805	13.0	156.0	141.0	310.0	 2
0.31025757864	13.0	155.0	142.0	310.0	 2
0.311999951496	13.0	154.0	143.0	310.0	 2
0.325524012288	13.0	153.0	144.0	310.0	 2
0.34028961301	13.0	152.0	145.0	310.0	 2
0.342241192472	13.0	151.0	146.0	310.0	 2
0.342491566135	13.0	150.0	147.0	310.0	 2
0.358033610575	12.0	151.0	147.0	310.0	 1
0.363880991329	12.0	150.0	148.0	310.0	 2
0.374833192676	12.0	149.0	149.0	310.0	 2
0.379944700698	12.0	148.0	150.0	310.0	 2
0.385810512659	12.0	147.0	151.0	310.0	 2
0.395526756049	12.0	146.0	152.0	310.0	 2
0.398480868899	12.0	145.0	153.0	310.0	 2
0.399429539329	11.0	146.0	153.0	310.0	 1
0.399991058238	10.0	147.0	153.0	310.0	 1
0.410646241021	10.0	146.0	154.0	310.0	 2
0.43229258481	10.0	145.0	155.0	310.0	 2
0.435735859919	10.0	144.0	156.0	310.0	 2
0.438291565595	10.0	143.0	157.0	310.0	 2
0.439856368607	10.0	142.0	158.0	310.0	 2
0.444380423437	10.0	141.0	159.0	310.0	 2
0.448131114772	10.0	140.0	160.0	310.0	 2
0.450547198209	10.0	139.0	161.0	310.0	 2
0.454545454545	10.0	139.0	161.0	310.0	 0
