# reactions: 2
Time	S	I	R	N	Fired Reaction
0.0	46.0	181.0	83.0	310.0	 0
0.00431312499342	46.0	180.0	84.0	310.0	 2
0.00483313797127	46.0	179.0	85.0	310.0	 2
0.0131057572418	46.0	178.0	86.0	310.0	 2
0.0131196285932	45.0	179.0	86.0	310.0	 1
0.0154826255079	44.0	180.0	86.0	310.0	 1
0.0196738440571	44.0	179.0	87.0	310.0	 2
0.0212382098191	43.0	180.0	87.0	310.0	 1
0.021403103919	43.0	179.0	88.0	310.0	 2
0.0217290431697	43.0	178.0	89.0	310.0	 2
0.0238810666823	43.0	177.0	90.0	310.0	 2
0.0264159113582	42.0	178.0	90.0	310.0	 1
0.026597918871	42.0	177.0	91.0	310.0	 2
0.0271651158497	41.0	178.0	91.0	310.0	 1
0.0274979265334	40.0	179.0	91.0	310.0	 1
0.028163190149	39.0	180.0	91.0	310.0	 1
0.0305951373004	39.0	179.0	92.0	310.0	 2
0.0310149730593	38.0	180.0	92.0	310.0	 1
0.0324762115949	37.0	181.0	92.0	310.0	 1
0.037863655985	36.0	182.0	92.0	310.0	 1
0.0423513146764	36.0	181.0	93.0	310.0	 2
0.0459766875893	36.0	180.0	94.0	310.0	 2
0.0517449839282	36.0	179.0	95.0	310.0	 2
0.0551080570917	36.0	178.0	96.0	310.0	 2
0.0551674704636	35.0	179.0	96.0	310.0	 1
0.0593866019621	34.0	180.0	96.0	310.0	 1
0.0622723719587	33.0	181.0	96.0	310.0	 1
0.0635624546905	33.0	180.0	97.0	310.0	 2
0.0648339120377	33.0	179.0	98.0	310.0	 2
0.0650381004402	33.0	178.0	99.0	310.0	 2
0.0663238527927	32.0	179.0	99.0	310.0	 1
0.0682287119589	31.0	180.0	99.0	310.0	 1
0.0692994817031	31.0	179.0	100.0	310.0	 2
0.0699052283768	30.0	180.0	100.0	310.0	 1
0.0722048454377	29.0	181.0	100.0	310.0	 1
0.0736544606885	29.0	180.0	101.0	310.0	 2
0.075805610316	29.0	179.0	102.0	310.0	 2
0.0765043465942	29.0	178.0	103.0	310.0	 2
0.0881879669838	28.0	179.0	103.0	310.0	 1
0.0899076821519	28.0	178.0	104.0	310.0	 2
0.0945574410493	27.0	179.0	104.0	310.0	 1
0.0994325842204	26.0	180.0	104.0	310.0	 1
0.101845661338	25.0	181.0	104.0	310.0	 1
0.104912968245	25.0	180.0	105.0	310.0	 2
0.119796159642	25.0	179.0	106.0	310.0	 2
0.119913012753	25.0	178.0	107.0	310.0	 2
0.121644369615	25.0	177.0	108.0	310.0	 2
0.123578973182	24.0	178.0	108.0	310.0	 1
0.128013520933	24.0	177.0	109.0	310.0	 2
0.134232674005	24.0	176.0	110.0	310.0	 2
0.135551718942	23.0	177.0	110.0	310.0	 1
0.137945549459	23.0	176.0	111.0	310.0	 2
0.140209014844	23.0	175.0	112.0	310.0	 2
0.146348931318	23.0	174.0	113.0	310.0	 2
0.151361552463	23.0	173.0	114.0	310.0	 2
0.153861074747	22.0	174.0	114.0	310.0	 1
0.160909150605	21.0	175.0	114.0	310.0	 1
0.168454125478	21.0	174.0	115.0	310.0	 2
0.168627689389	21.0	173.0	116.0	310.0	 2
0.169376446313	20.0	174.0	116.0	310.0	 1
0.171633285096	20.0	173.0	117.0	310.0	 2
0.173680793357	20.0	172.0	118.0	310.0	 2
0.178830642492	19.0	173.0	118.0	310.0	 1
0.182578618598	19.0	172.0	119.0	310.0	 2
0.18898166277	18.0	173.0	119.0	310.0	 1
0.193740278593	18.0	172.0	120.0	310.0	 2
0.205464996776	17.0	173.0	120.0	310.0	 1
0.210761830769	16.0	174.0	120.0	310.0	 1
0.216090125077	16.0	173.0	121.0	310.0	 2
0.22246878601	15.0	174.0	121.0	310.0	 1
0.222491538049	15.0	173.0	122.0	310.0	 2
0.223439373022	15.0	172.0	123.0	310.0	 2
0.228720225251	15.0	171.0	124.0	310.0	 2
0.230104236784	14.0	172.0	124.0	310.0	 1
0.230627038106	13.0	173.0	124.0	310.0	 1
0.235965022297	13.0	172.0	125.0	310.0	 2
0.24120685243	12.0	173.0	125.0	310.0	 1
0.246830444415	12.0	172.0	126.0	310.0	 2
0.249864297127	12.0	171.0	127.0	310.0	 2
0.2513453676	12.0	170.0	128.0	310.0	 2
0.255864945318	12.0	169.0	129.0	310.0	 2
0.256554589025	11.0	170.0	129.0	310.0	 1
0.258089502186	11.0	169.0	130.0	310.0	 2
0.264671685008	11.0	168.0	131.0	310.0	 2
0.268496291206	11.0	167.0	132.0	310.0	 2
0.27070126568	11.0	166.0	133.0	310.0	 2
0.271303850154	10.0	167.0	133.0	310.0	 1
0.272295359927	10.0	166.0	134.0	310.0	 2
0.273034548944	9.0	167.0	134.0	310.0	 1
0.273070033771	9.0	166.0	135.0	310.0	 2
0.274622251958	9.0	165.0	136.0	310.0	 2
0.275361138338	8.0	166.0	136.0	310.0	 1
0.284252654247	8.0	165.0	137.0	310.0	 2
0.288717148987	8.0	164.0	138.0	310.0	 2
0.294084558691	8.0	163.0	139.0	310.0	 2
0.296435922512	7.0	164.0	139.0	310.0	 1
0.298478039884	7.0	163.0	140.0	310.0	 2
0.299831886141	7.0	162.0	141.0	310.0	 2
0.300093005965	7.0	161.0	142.0	310.0	 2
0.302948964668	7.0	160.0	143.0	310.0	 2
0.308856126689	7.0	159.0	144.0	310.0	 2
0.314660075012	6.0	160.0	144.0	310.0	 1
0.314733538179	6.0	159.0	145.0	310.0	 2
0.326492560977	5.0	160.0	145.0	310.0	 1
0.328692584336	5.0	159.0	146.0	310.0	 2
0.331910896563	4.0	160.0	146.0	310.0	 1
0.333511457646	4.0	159.0	147.0	310.0	 2
0.343786434146	3.0	160.0	147.0	310.0	 1
0.351229808461	3.0	159.0	148.0	310.0	 2
0.371634411594	2.0	160.0	148.0	310.0	 1
0.372992500425	2.0	159.0	149.0	310.0	 2
0.394234214009	2.0	158.0	150.0	310.0	 2
0.400691599112	2.0	157.0	151.0	310.0	 2
0.401764451653	2.0	156.0	152.0	310.0	 2
0.403609181797	2.0	155.0	153.0	310.0	 2
0.409371014783	2.0	154.0	154.0	310.0	 2
0.434459587618	2.0	153.0	155.0	310.0	 2
0.454545454545	2.0	153.0	155.0	310.0	 0
