# reactions: 2
Time	S	I	R	N	Fired Reaction
0.0	46.0	181.0	83.0	310.0	 0
0.00511400915467	46.0	180.0	84.0	310.0	 2
0.00664723593133	45.0	181.0	84.0	310.0	 1
0.0112453950214	45.0	180.0	85.0	310.0	 2
0.0163701817402	45.0	179.0	86.0	310.0	 2
0.0165692089395	44.0	180.0	86.0	310.0	 1
0.020452641892	43.0	181.0	86.0	310.0	 1
0.0268402614505	42.0	182.0	86.0	310.0	 1
0.0290781570306	42.0	181.0	87.0	310.0	 2
0.030273833849	41.0	182.0	87.0	310.0	 1
0.0333186696193	40.0	183.0	87.0	310.0	 1
0.0381901594325	39.0	184.0	87.0	310.0	 1
0.0393125584019	39.0	183.0	88.0	310.0	 2
0.0405021225028	39.0	182.0	89.0	310.0	 2
0.0432993186463	38.0	183.0	89.0	310.0	 1
0.0453331548881	38.0	182.0	90.0	310.0	 2
0.0458361656447	37.0	183.0	90.0	310.0	 1
0.0479404646884	37.0	182.0	91.0	310.0	 2
0.0487340624	37.0	181.0	92.0	310.0	 2
0.0493321407392	36.0	182.0	92.0	310.0	 1
0.0497998907527	35.0	183.0	92.0	310.0	 1
0.0583284601495	34.0	184.0	92.0	310.0	 1
0.0633134798186	33.0	185.0	92.0	310.0	 1
0.0682570169342	33.0	184.0	93.0	310.0	 2
0.0763014760309	32.0	185.0	93.0	310.0	 1
0.0777237761733	31.0	186.0	93.0	310.0	 1
0.0802023755181	31.0	185.0	94.0	310.0	 2
0.0809588837364	30.0	186.0	94.0	310.0	 1
0.0840337286131	29.0	187.0	94.0	310.0	 1
0.0882695601828	28.0	188.0	94.0	310.0	 1
0.0885213090129	27.0	189.0	94.0	310.0	 1
0.0888490240756	27.0	188.0	95.0	310.0	 2
0.0920759006539	27.0	187.0	96.0	310.0	 2
0.0931687354203	26.0	188.0	96.0	310.0	 1
0.0992903783252	25.0	189.0	96.0	310.0	 1
0.100144547669	25.0	188.0	97.0	310.0	 2
0.101591410004	25.0	187.0	98.0	310.0	 2
0.105069964947	25.0	186.0	99.0	310.0	 2
0.106059020973	24.0	187.0	99.0	310.0	 1
0.106989817417	23.0	188.0	99.0	310.0	 1
0.108973646929	22.0	189.0	99.0	310.0	 1
0.117672752635	21.0	190.0	99.0	310.0	 1
0.124277723699	20.0	191.0	99.0	310.0	 1
0.130882637226	20.0	190.0	100.0	310.0	 2
0.13313414045	19.0	191.0	100.0	310.0	 1
0.13673236117	18.0	192.0	100.0	310.0	 1
0.144430633613	18.0	191.0	101.0	310.0	 2
0.144522488206	18.0	190.0	102.0	310.0	 2
0.147010027186	17.0	191.0	102.0	310.0	 1
0.149106964138	16.0	192.0	102.0	310.0	 1
0.154007502575	16.0	191.0	103.0	310.0	 2
0.158888677866	16.0	190.0	104.0	310.0	 2
0.159129995665	16.0	189.0	105.0	310.0	 2
0.159943508233	16.0	188.0	106.0	310.0	 2
0.160219003473	16.0	187.0	107.0	310.0	 2
0.168220100514	16.0	186.0	108.0	310.0	 2
0.175853804222	16.0	185.0	109.0	310.0	 2
0.176682216225	16.0	184.0	110.0	310.0	 2
0.176823265209	15.0	185.0	110.0	310.0	 1
0.192729964994	14.0	186.0	110.0	310.0	 1
0.193283420284	14.0	185.0	111.0	310.0	 2
0.197569357101	14.0	184.0	112.0	310.0	 2
0.199437455376	14.0	183.0	113.0	310.0	 2
0.200037942738	14.0	182.0	114.0	310.0	 2
0.207898324763	14.0	181.0	115.0	310.0	 2
0.224296122016	14.0	180.0	116.0	310.0	 2
0.229115528191	14.0	179.0	117.0	310.0	 2
0.23593472999	13.0	180.0	117.0	310.0	 1
0.249197342101	12.0	181.0	117.0	310.0	 1
0.249471775268	12.0	180.0	118.0	310.0	 2
0.252089281594	12.0	179.0	119.0	310.0	 2
0.252596998754	12.0	178.0	120.0	310.0	 2
0.253223671794	12.0	177.0	121.0	310.0	 2
0.254027513543	12.0	176.0	122.0	310.0	 2
0.258157080544	12.0	175.0	123.0	310.0	 2
0.262156221465	11.0	176.0	123.0	310.0	 1
0.265620442766	11.0	175.0	124.0	310.0	 2
0.268212358739	11.0	174.0	125.0	310.0	 2
0.26880304484	11.0	173.0	126.0	310.0	 2
0.269998717365	10.0	174.0	126.0	310.0	 1
0.277188809629	10.0	173.0	127.0	310.0	 2
0.281858408944	10.0	172.0	128.0	310.0	 2
0.285568631118	9.0	173.0	128.0	310.0	 1
0.286467280339	9.0	172.0	129.0	310.0	 2
0.288383047021	9.0	171.0	130.0	310.0	 2
0.291676025482	8.0	172.0	130.0	310.0	 1
0.294712797672	8.0	171.0	131.0	310.0	 2
0.299302157538	7.0	172.0	131.0	310.0	 1
0.30034797791	7.0	171.0	132.0	310.0	 2
0.305296045752	7.0	170.0	133.0	310.0	 2
0.307973273307	7.0	169.0	134.0	310.0	 2
0.328021456594	7.0	168.0	135.0	310.0	 2
0.340451273562	7.0	167.0	136.0	310.0	 2
0.343674279493	7.0	166.0	137.0	310.0	 2
0.345818711154	7.0	165.0	138.0	310.0	 2
0.345987659058	7.0	164.0	139.0	310.0	 2
0.351043962927	7.0	163.0	140.0	310.0	 2
0.352730736801	7.0	162.0	141.0	310.0	 2
0.359468999911	6.0	163.0	141.0	310.0	 1
0.364226640883	6.0	162.0	142.0	310.0	 2
0.367326228242	6.0	161.0	143.0	310.0	 2
0.389664893239	6.0	160.0	144.0	310.0	 2
0.411016227162	6.0	159.0	145.0	310.0	 2
0.41152152485	6.0	158.0	146.0	310.0	 2
0.417194739838	6.0	157.0	147.0	310.0	 2
0.426955358588	6.0	156.0	148.0	310.0	 2
0.427019183143	5.0	157.0	148.0	310.0	 1
0.440824354303	5.0	156.0	149.0	310.0	 2
0.454545454545	5.0	156.0	149.0	310.0	 0
