# reactions: 2
Time	S	I	R	N	Fired Reaction
0.0	46.0	181.0	83.0	310.0	 0
0.00142795693328	46.0	180.0	84.0	310.0	 2
0.00179717477434	45.0	181.0	84.0	310.0	 1
0.00222010329315	45.0	180.0	85.0	310.0	 2
0.00447064603477	44.0	181.0	85.0	310.0	 1
0.00548140120442	44.0	180.0	86.0	310.0	 2
0.00760015351699	43.0	181.0	86.0	310.0	 1
0.00801486151008	43.0	180.0	87.0	310.0	 2
0.00857413248849	42.0	181.0	87.0	310.0	 1
0.0091571534933	42.0	180.0	88.0	310.0	 2
0.0107399476771	41.0	181.0	88.0	310.0	 1
0.0166529889831	41.0	180.0	89.0	310.0	 2
0.0181308356549	40.0	181.0	89.0	310.0	 1
0.0209634643285	39.0	182.0	89.0	310.0	 1
0.024154245708	39.0	181.0	90.0	310.0	 2
0.0277191243382	39.0	180.0	91.0	310.0	 2
0.0302028512748	39.0	179.0	92.0	310.0	 2
0.0314496120736	38.0	180.0	92.0	310.0	 1
0.0329523944831	38.0	179.0	93.0	310.0	 2
0.036281659089	37.0	180.0	93.0	310.0	 1
0.04362258599	36.0	181.0	93.0	310.0	 1
0.0460431399121	35.0	182.0	93.0	310.0	 1
0.0510276297	34.0	183.0	93.0	310.0	 1
0.0530214664018	34.0	182.0	94.0	310.0	 2
0.0562467023004	34.0	181.0	95.0	310.0	 2
0.0592250196298	33.0	182.0	95.0	310.0	 1
0.0681146038444	32.0	183.0	95.0	310.0	 1
0.0691209254171	31.0	184.0	95.0	310.0	 1
0.0740401570522	30.0	185.0	95.0	310.0	 1
0.0741290136813	29.0	186.0	95.0	310.0	 1
0.0765043519435	29.0	185.0	96.0	310.0	 2
0.0765878679177	28.0	186.0	96.0	310.0	 1
0.0888855277694	28.0	185.0	97.0	310.0	 2
0.0924704086716	27.0	186.0	97.0	310.0	 1
0.0926796978419	26.0	187.0	97.0	310.0	 1
0.098193603795	26.0	186.0	98.0	310.0	 2
0.0992709711748	25.0	187.0	98.0	310.0	 1
0.102711267135	25.0	186.0	99.0	310.0	 2
0.109047704909	24.0	187.0	99.0	310.0	 1
0.110351608287	24.0	186.0	100.0	310.0	 2
0.113094699744	23.0	187.0	100.0	310.0	 1
0.123638740396	23.0	186.0	101.0	310.0	 2
0.12442028445	22.0	187.0	101.0	310.0	 1
0.124991335499	22.0	186.0	102.0	310.0	 2
0.126213939341	22.0	185.0	103.0	310.0	 2
0.131058777898	22.0	184.0	104.0	310.0	 2
0.133197528184	22.0	183.0	105.0	310.0	 2
0.133331857806	22.0	182.0	106.0	310.0	 2
0.13371301272	22.0	181.0	107.0	310.0	 2
0.134542328331	22.0	180.0	108.0	310.0	 2
0.137155178776	22.0	179.0	109.0	310.0	 2
0.139060447882	21.0	180.0	109.0	310.0	 1
0.139899920965	21.0	179.0	110.0	310.0	 2
0.141491426833	21.0	178.0	111.0	310.0	 2
0.145996976942	21.0	177.0	112.0	310.0	 2
0.151932268895	21.0	176.0	113.0	310.0	 2
0.152341342185	21.0	175.0	114.0	310.0	 2
0.15478781335	21.0	174.0	115.0	310.0	 2
0.158564224099	20.0	175.0	115.0	310.0	 1
0.159919478165	19.0	176.0	115.0	310.0	 1
0.160222543185	19.0	175.0	116.0	310.0	 2
0.162854612879	19.0	174.0	117.0	310.0	 2
0.164578538969	18.0	175.0	117.0	310.0	 1
0.170333345022	18.0	174.0	118.0	310.0	 2
0.175892079802	18.0	173.0	119.0	310.0	 2
0.176613890012	18.0	172.0	120.0	310.0	 2
0.177365490599	18.0	171.0	121.0	310.0	 2
0.180586207753	18.0	170.0	122.0	310.0	 2
0.188724953979	18.0	169.0	123.0	310.0	 2
0.201107738793	18.0	168.0	124.0	310.0	 2
0.204860232321	18.0	167.0	125.0	310.0	 2
0.210163212408	17.0	168.0	125.0	310.0	 1
0.21051621813	17.0	167.0	126.0	310.0	 2
0.212850191772	16.0	168.0	126.0	310.0	 1
0.213882368747	16.0	167.0	127.0	310.0	 2
0.214139326393	15.0	168.0	127.0	310.0	 1
0.215168761323	15.0	167.0	128.0	310.0	 2
0.223217974668	15.0	166.0	129.0	310.0	 2
0.223269144969	15.0	165.0	130.0	310.0	 2
0.231560589273	15.0	164.0	131.0	310.0	 2
0.23342941549	14.0	165.0	131.0	310.0	 1
0.234160634155	14.0	164.0	132.0	310.0	 2
0.23746237641	14.0	163.0	133.0	310.0	 2
0.241837699292	13.0	164.0	133.0	310.0	 1
0.250176682663	12.0	165.0	133.0	310.0	 1
0.251958149983	12.0	164.0	134.0	310.0	 2
0.270046572752	12.0	163.0	135.0	310.0	 2
0.270165997291	12.0	162.0	136.0	310.0	 2
0.277484368181	12.0	161.0	137.0	310.0	 2
0.281572672068	11.0	162.0	137.0	310.0	 1
0.283952605755	10.0	163.0	137.0	310.0	 1
0.285787279959	9.0	164.0	137.0	310.0	 1
0.291042480345	8.0	165.0	137.0	310.0	 1
0.293357759664	8.0	164.0	138.0	310.0	 2
0.302619754466	8.0	163.0	139.0	310.0	 2
0.314688641966	8.0	162.0	140.0	310.0	 2
0.31493825402	8.0	161.0	141.0	310.0	 2
0.316313391293	8.0	160.0	142.0	310.0	 2
0.317605964792	8.0	159.0	143.0	310.0	 2
0.326497679687	8.0	158.0	144.0	310.0	 2
0.337088614584	7.0	159.0	144.0	310.0	 1
0.358468191319	7.0	158.0	145.0	310.0	 2
0.374816427628	7.0	157.0	146.0	310.0	 2
0.395861161748	6.0	158.0	146.0	310.0	 1
0.407223609861	6.0	157.0	147.0	310.0	 2
0.409348149583	6.0	156.0	148.0	310.0	 2
0.416161144334	6.0	155.0	149.0	310.0	 2
0.416314151097	6.0	154.0	150.0	310.0	 2
0.418231577972	6.0	153.0	151.0	310.0	 2
0.420457505078	6.0	152.0	152.0	310.0	 2
0.440770556154	6.0	151.0	153.0	310.0	 2
0.441423133066	6.0	150.0	154.0	310.0	 2
0.442095675645	6.0	149.0	155.0	310.0	 2
0.444925977253	6.0	148.0	156.0	310.0	 2
0.449821440845	5.0	149.0	156.0	310.0	 1
0.454545454545	5.0	149.0	156.0	310.0	 0
