# reactions: 2
Time	S	I	R	N	Fired Reaction
0.0	46.0	181.0	83.0	310.0	 0
0.00605156354804	45.0	182.0	83.0	310.0	 1
0.00952490009201	45.0	181.0	84.0	310.0	 2
0.00972347142477	44.0	182.0	84.0	310.0	 1
0.0108441067642	44.0	181.0	85.0	310.0	 2
0.0140118934651	44.0	180.0	86.0	310.0	 2
0.0151756838651	44.0	179.0	87.0	310.0	 2
0.0156474124695	44.0	178.0	88.0	310.0	 2
0.0204431795436	43.0	179.0	88.0	310.0	 1
0.0217487584661	43.0	178.0	89.0	310.0	 2
0.0230164719134	42.0	179.0	89.0	310.0	 1
0.0287843083667	42.0	178.0	90.0	310.0	 2
0.0299192338996	41.0	179.0	90.0	310.0	 1
0.0306822362255	41.0	178.0	91.0	310.0	 2
0.0321020342543	40.0	179.0	91.0	310.0	 1
0.0340171433799	40.0	178.0	92.0	310.0	 2
0.0346895615368	39.0	179.0	92.0	310.0	 1
0.0430840866334	38.0	180.0	92.0	310.0	 1
0.0464523038544	37.0	181.0	92.0	310.0	 1
0.0484675661438	37.0	180.0	93.0	310.0	 2
0.0500612988967	36.0	181.0	93.0	310.0	 1
0.0508800763065	35.0	182.0	93.0	310.0	 1
0.0565156656959	34.0	183.0	93.0	310.0	 1
0.0602593517933	33.0	184.0	93.0	310.0	 1
0.0604239787299	32.0	185.0	93.0	310.0	 1
0.0628271119041	32.0	184.0	94.0	310.0	 2
0.0671119074979	32.0	183.0	95.0	310.0	 2
0.0705390490421	32.0	182.0	96.0	310.0	 2
0.0719503159684	32.0	181.0	97.0	310.0	 2
0.0785476626896	31.0	182.0	97.0	310.0	 1
0.0807708350691	31.0	181.0	98.0	310.0	 2
0.0815244738492	30.0	182.0	98.0	310.0	 1
0.0817032096052	30.0	181.0	99.0	310.0	 2
0.0819358967273	29.0	182.0	99.0	310.0	 1
0.0835888171213	29.0	181.0	100.0	310.0	 2
0.0837137126618	29.0	180.0	101.0	310.0	 2
0.0838850629353	28.0	181.0	101.0	310.0	 1
0.0890563111357	27.0	182.0	101.0	310.0	 1
0.090323719569	27.0	181.0	102.0	310.0	 2
0.0929153599066	26.0	182.0	102.0	310.0	 1
0.0944183890141	26.0	181.0	103.0	310.0	 2
0.0961921933748	26.0	180.0	104.0	310.0	 2
0.098207296481	25.0	181.0	104.0	310.0	 1
0.109596638142	25.0	180.0	105.0	310.0	 2
0.111520450953	25.0	179.0	106.0	310.0	 2
0.113448691781	25.0	178.0	107.0	310.0	 2
0.118262947472	25.0	177.0	108.0	310.0	 2
0.119794931558	24.0	178.0	108.0	310.0	 1
0.119980732639	23.0	179.0	108.0	310.0	 1
0.123624924368	22.0	180.0	108.0	310.0	 1
0.13033542986	21.0	181.0	108.0	310.0	 1
0.131194768636	21.0	180.0	109.0	310.0	 2
0.133595415833	21.0	179.0	110.0	310.0	 2
0.133843998125	21.0	178.0	111.0	310.0	 2
0.137129851838	20.0	179.0	111.0	310.0	 1
0.139971888871	20.0	178.0	112.0	310.0	 2
0.140663467744	20.0	177.0	113.0	310.0	 2
0.143251588372	19.0	178.0	113.0	310.0	 1
0.15429125078	19.0	177.0	114.0	310.0	 2
0.161669363727	18.0	178.0	114.0	310.0	 1
0.163056390889	17.0	179.0	114.0	310.0	 1
0.166341983264	17.0	178.0	115.0	310.0	 2
0.172379222321	17.0	177.0	116.0	310.0	 2
0.175510921567	17.0	176.0	117.0	310.0	 2
0.177945591162	17.0	175.0	118.0	310.0	 2
0.178075701088	17.0	174.0	119.0	310.0	 2
0.184135584751	16.0	175.0	119.0	310.0	 1
0.188882808486	16.0	174.0	120.0	310.0	 2
0.192317763763	16.0	173.0	121.0	310.0	 2
0.195442469199	16.0	172.0	122.0	310.0	 2
0.206069818656	15.0	173.0	122.0	310.0	 1
0.21573680711	15.0	172.0	123.0	310.0	 2
0.224164431243	15.0	171.0	124.0	310.0	 2
0.227513713339	15.0	170.0	125.0	310.0	 2
0.228899064285	15.0	169.0	126.0	310.0	 2
0.229821503327	15.0	168.0	127.0	310.0	 2
0.234075768122	15.0	167.0	128.0	310.0	 2
0.23494597738	15.0	166.0	129.0	310.0	 2
0.235771552163	15.0	165.0	130.0	310.0	 2
0.239294626591	14.0	166.0	130.0	310.0	 1
0.239489319479	14.0	165.0	131.0	310.0	 2
0.242983545875	14.0	164.0	132.0	310.0	 2
0.246326717279	14.0	163.0	133.0	310.0	 2
0.248170375804	14.0	162.0	134.0	310.0	 2
0.256935252966	14.0	161.0	135.0	310.0	 2
0.259511478613	14.0	160.0	136.0	310.0	 2
0.272316681058	14.0	159.0	137.0	310.0	 2
0.272615811684	14.0	158.0	138.0	310.0	 2
0.276438757506	14.0	157.0	139.0	310.0	 2
0.284005197467	14.0	156.0	140.0	310.0	 2
0.284750418594	13.0	157.0	140.0	310.0	 1
0.288446277294	13.0	156.0	141.0	310.0	 2
0.290157203138	12.0	157.0	141.0	310.0	 1
0.299573708896	11.0	158.0	141.0	310.0	 1
0.306505504118	11.0	157.0	142.0	310.0	 2
0.311867463139	11.0	156.0	143.0	310.0	 2
0.323959355967	11.0	155.0	144.0	310.0	 2
0.329057086121	11.0	154.0	145.0	310.0	 2
0.339353612366	11.0	153.0	146.0	310.0	 2
0.357289301512	11.0	152.0	147.0	310.0	 2
0.369961873942	10.0	153.0	147.0	310.0	 1
0.373451193659	10.0	152.0	148.0	310.0	 2
0.383970422904	10.0	151.0	149.0	310.0	 2
0.387181662	10.0	150.0	150.0	310.0	 2
0.398961780181	9.0	151.0	150.0	310.0	 1
0.402969126102	9.0	150.0	151.0	310.0	 2
0.408274410146	9.0	149.0	152.0	310.0	 2
0.423873267643	9.0	148.0	153.0	310.0	 2
0.428579968925	9.0	147.0	154.0	310.0	 2
0.428932158694	9.0	146.0	155.0	310.0	 2
0.429027509145	8.0	147.0	155.0	310.0	 1
0.435334068255	7.0	148.0	155.0	310.0	 1
0.437983007526	7.0	147.0	156.0	310.0	 2
0.440546883583	7.0	146.0	157.0	310.0	 2
0.448043543942	7.0	145.0	158.0	310.0	 2
0.454545454545	7.0	145.0	158.0	310.0	 0
