# reactions: 2
Time	S	I	R	N	Fired Reaction
0.0	46.0	181.0	83.0	310.0	 0
0.00413620439148	45.0	182.0	83.0	310.0	 1
0.00414543141384	44.0	183.0	83.0	310.0	 1
0.00460204600497	43.0	184.0	83.0	310.0	 1
0.0116460204289	42.0	185.0	83.0	310.0	 1
0.0195248126982	41.0	186.0	83.0	310.0	 1
0.0209201592373	41.0	185.0	84.0	310.0	 2
0.0331066144848	41.0	184.0	85.0	310.0	 2
0.0331524462489	40.0	185.0	85.0	310.0	 1
0.0342967660424	39.0	186.0	85.0	310.0	 1
0.04141012019	38.0	187.0	85.0	310.0	 1
0.0428382804893	37.0	188.0	85.0	310.0	 1
0.0442714107497	36.0	189.0	85.0	310.0	 1
0.0454263687353	36.0	188.0	86.0	310.0	 2
0.0455284051424	36.0	187.0	87.0	310.0	 2
0.0502001373857	36.0	186.0	88.0	310.0	 2
0.057361781819	35.0	187.0	88.0	310.0	 1
0.0595057185754	34.0	188.0	88.0	310.0	 1
0.0621402408308	34.0	187.0	89.0	310.0	 2
0.063363953655	34.0	186.0	90.0	310.0	 2
0.0637942346133	34.0	185.0	91.0	310.0	 2
0.066178687642	34.0	184.0	92.0	310.0	 2
0.0677415748449	34.0	183.0	93.0	310.0	 2
0.0681950019903	34.0	182.0	94.0	310.0	 2
0.0690267057766	34.0	181.0	95.0	310.0	 2
0.0698488181981	34.0	180.0	96.0	310.0	 2
0.0716267908149	33.0	181.0	96.0	310.0	 1
0.071695845937	33.0	180.0	97.0	310.0	 2
0.0734883240119	32.0	181.0	97.0	310.0	 1
0.0744747522014	32.0	180.0	98.0	310.0	 2
0.0745356081568	31.0	181.0	98.0	310.0	 1
0.0752561218067	31.0	180.0	99.0	310.0	 2
0.0842246709767	30.0	181.0	99.0	310.0	 1
0.0867836204808	30.0	180.0	100.0	310.0	 2
0.0871814933391	30.0	179.0	101.0	310.0	 2
0.0921504065321	30.0	178.0	102.0	310.0	 2
0.0988122379233	29.0	179.0	102.0	310.0	 1
0.102137604792	29.0	178.0	103.0	310.0	 2
0.10258600487	28.0	179.0	103.0	310.0	 1
0.110337833253	27.0	180.0	103.0	310.0	 1
0.114303106163	27.0	179.0	104.0	310.0	 2
0.115425917316	26.0	180.0	104.0	310.0	 1
0.118857842853	25.0	181.0	104.0	310.0	 1
0.119757018411	25.0	180.0	105.0	310.0	 2
0.120089617128	25.0	179.0	106.0	310.0	 2
0.121881353813	25.0	178.0	107.0	310.0	 2
0.126328134383	24.0	179.0	107.0	310.0	 1
0.126574738288	24.0	178.0	108.0	310.0	 2
0.133244210934	23.0	179.0	108.0	310.0	 1
0.136577237424	22.0	180.0	108.0	310.0	 1
0.14023437499	22.0	179.0	109.0	310.0	 2
0.142557379438	22.0	178.0	110.0	310.0	 2
0.146542717268	22.0	177.0	111.0	310.0	 2
0.15018413123	22.0	176.0	112.0	310.0	 2
0.155412585498	22.0	175.0	113.0	310.0	 2
0.158461815307	22.0	174.0	114.0	310.0	 2
0.160199579166	22.0	173.0	115.0	310.0	 2
0.163004705055	22.0	172.0	116.0	310.0	 2
0.165297614341	22.0	171.0	117.0	310.0	 2
0.18778490012	21.0	172.0	117.0	310.0	 1
0.194563235464	21.0	171.0	118.0	310.0	 2
0.198818524669	21.0	170.0	119.0	310.0	 2
0.20991720906	21.0	169.0	120.0	310.0	 2
0.21394917949	21.0	168.0	121.0	310.0	 2
0.214687424677	21.0	167.0	122.0	310.0	 2
0.21519353512	21.0	166.0	123.0	310.0	 2
0.216234676131	21.0	165.0	124.0	310.0	 2
0.216963639444	21.0	164.0	125.0	310.0	 2
0.218621280572	21.0	163.0	126.0	310.0	 2
0.221652811107	20.0	164.0	126.0	310.0	 1
0.222046239699	20.0	163.0	127.0	310.0	 2
0.229252678856	20.0	162.0	128.0	310.0	 2
0.233612677833	20.0	161.0	129.0	310.0	 2
0.235870612753	20.0	160.0	130.0	310.0	 2
0.262609660203	20.0	159.0	131.0	310.0	 2
0.262714542581	20.0	158.0	132.0	310.0	 2
0.266155378738	19.0	159.0	132.0	310.0	 1
0.269984785649	19.0	158.0	133.0	310.0	 2
0.283350349823	19.0	157.0	134.0	310.0	 2
0.295983306188	18.0	158.0	134.0	310.0	 1
0.300171640312	18.0	157.0	135.0	310.0	 2
0.310630847343	18.0	156.0	136.0	310.0	 2
0.31284102583	17.0	157.0	136.0	310.0	 1
0.321813221802	17.0	156.0	137.0	310.0	 2
0.325717767589	17.0	155.0	138.0	310.0	 2
0.328367974585	17.0	154.0	139.0	310.0	 2
0.344786346781	17.0	153.0	140.0	310.0	 2
0.345213065086	17.0	152.0	141.0	310.0	 2
0.351536275186	17.0	151.0	142.0	310.0	 2
0.353475659598	17.0	150.0	143.0	310.0	 2
0.357275478596	17.0	149.0	144.0	310.0	 2
0.360362672717	16.0	150.0	144.0	310.0	 1
0.368880143252	16.0	149.0	145.0	310.0	 2
0.374129291095	16.0	148.0	146.0	310.0	 2
0.374920579216	15.0	149.0	146.0	310.0	 1
0.37839520743	14.0	150.0	146.0	310.0	 1
0.382116678176	14.0	149.0	147.0	310.0	 2
0.384897070221	14.0	148.0	148.0	310.0	 2
0.407017210678	14.0	147.0	149.0	310.0	 2
0.408326693665	14.0	146.0	150.0	310.0	 2
0.410442259403	14.0	145.0	151.0	310.0	 2
0.414766403375	14.0	144.0	152.0	310.0	 2
0.423400083545	13.0	145.0	152.0	310.0	 1
0.430875420526	13.0	144.0	153.0	310.0	 2
0.431267778843	12.0	145.0	153.0	310.0	 1
0.436052348842	12.0	144.0	154.0	310.0	 2
0.438358252473	12.0	143.0	155.0	310.0	 2
0.452648065001	12.0	142.0	156.0	310.0	 2
0.453160765426	11.0	143.0	156.0	310.0	 1
0.454545454545	11.0	143.0	156.0	310.0	 0
