# reactions: 2
Time	S	I	R	N	Fired Reaction
0.0	46.0	181.0	83.0	310.0	 0
9.932546175e-05	46.0	180.0	84.0	310.0	 2
0.00374653769099	46.0	179.0	85.0	310.0	 2
0.0127988004636	45.0	180.0	85.0	310.0	 1
0.0140119810317	44.0	181.0	85.0	310.0	 1
0.0149576598008	43.0	182.0	85.0	310.0	 1
0.0152461381879	43.0	181.0	86.0	310.0	 2
0.0167564645289	43.0	180.0	87.0	310.0	 2
0.0252091457857	43.0	179.0	88.0	310.0	 2
0.0334203964323	42.0	180.0	88.0	310.0	 1
0.0354141197656	41.0	181.0	88.0	310.0	 1
0.0360806883611	40.0	182.0	88.0	310.0	 1
0.0392080816489	39.0	183.0	88.0	310.0	 1
0.0402997250014	39.0	182.0	89.0	310.0	 2
0.0444293620117	38.0	183.0	89.0	310.0	 1
0.0453469578433	38.0	182.0	90.0	310.0	 2
0.0505233930032	38.0	181.0	91.0	310.0	 2
0.0519407527702	38.0	180.0	92.0	310.0	 2
0.0525277888268	37.0	181.0	92.0	310.0	 1
0.0537501238339	37.0	180.0	93.0	310.0	 2
0.0594578210033	37.0	179.0	94.0	310.0	 2
0.0606052733601	36.0	180.0	94.0	310.0	 1
0.0607967032413	35.0	181.0	94.0	310.0	 1
0.0651270125349	35.0	180.0	95.0	310.0	 2
0.0652924489015	35.0	179.0	96.0	310.0	 2
0.0664702360444	34.0	180.0	96.0	310.0	 1
0.0715115989177	33.0	181.0	96.0	310.0	 1
0.0729417933755	33.0	180.0	97.0	310.0	 2
0.0809513511944	33.0	179.0	98.0	310.0	 2
0.0881808844855	33.0	178.0	99.0	310.0	 2
0.0884028680834	32.0	179.0	99.0	310.0	 1
0.0929280719501	31.0	180.0	99.0	310.0	 1
0.0974983291093	31.0	179.0	100.0	310.0	 2
0.0975867258319	31.0	178.0	101.0	310.0	 2
0.106528306065	30.0	179.0	101.0	310.0	 1
0.112791146379	29.0	180.0	101.0	310.0	 1
0.115895483853	29.0	179.0	102.0	310.0	 2
0.120535455267	29.0	178.0	103.0	310.0	 2
0.123705821259	29.0	177.0	104.0	310.0	 2
0.123984793253	28.0	178.0	104.0	310.0	 1
0.126047772592	28.0	177.0	105.0	310.0	 2
0.127032940691	27.0	178.0	105.0	310.0	 1
0.128353359303	27.0	177.0	106.0	310.0	 2
0.132276776969	27.0	176.0	107.0	310.0	 2
0.138970234457	27.0	175.0	108.0	310.0	 2
0.145972775605	27.0	174.0	109.0	310.0	 2
0.150303617451	26.0	175.0	109.0	310.0	 1
0.152966393939	25.0	176.0	109.0	310.0	 1
0.155239282422	25.0	175.0	110.0	310.0	 2
0.155629449561	24.0	176.0	110.0	310.0	 1
0.156004157235	24.0	175.0	111.0	310.0	 2
0.157950372715	24.0	174.0	112.0	310.0	 2
0.160662465297	24.0	173.0	113.0	310.0	 2
0.16556524303	23.0	174.0	113.0	310.0	 1
0.169411644011	22.0	175.0	113.0	310.0	 1
0.179655580474	22.0	174.0	114.0	310.0	 2
0.189846406179	22.0	173.0	115.0	310.0	 2
0.194155570587	22.0	172.0	116.0	310.0	 2
0.200482216049	22.0	171.0	117.0	310.0	 2
0.200711253473	22.0	170.0	118.0	310.0	 2
0.201617142224	22.0	169.0	119.0	310.0	 2
0.208932190342	22.0	168.0	120.0	310.0	 2
0.209817505237	22.0	167.0	121.0	310.0	 2
0.213268171195	21.0	168.0	121.0	310.0	 1
0.213636080613	21.0	167.0	122.0	310.0	 2
0.217807679523	21.0	166.0	123.0	310.0	 2
0.217878172367	21.0	165.0	124.0	310.0	 2
0.219579431975	21.0	164.0	125.0	310.0	 2
0.221593771548	21.0	163.0	126.0	310.0	 2
0.224739711693	21.0	162.0	127.0	310.0	 2
0.227423899807	21.0	161.0	128.0	310.0	 2
0.229695315366	21.0	160.0	129.0	310.0	 2
0.237144830097	21.0	159.0	130.0	310.0	 2
0.244815323564	21.0	158.0	131.0	310.0	 2
0.247549958526	21.0	157.0	132.0	310.0	 2
0.253627104551	20.0	158.0	132.0	310.0	 1
0.264447302789	19.0	159.0	132.0	310.0	 1
0.280587238512	19.0	158.0	133.0	310.0	 2
0.284315382209	19.0	157.0	134.0	310.0	 2
0.287994351014	19.0	156.0	135.0	310.0	 2
0.290126704247	19.0	155.0	136.0	310.0	 2
0.290705693725	19.0	154.0	137.0	310.0	 2
0.29080696891	19.0	153.0	138.0	310.0	 2
0.302576011282	19.0	152.0	139.0	310.0	 2
0.312009930989	18.0	153.0	139.0	310.0	 1
0.32005049122	17.0	154.0	139.0	310.0	 1
0.322996311667	17.0	153.0	140.0	310.0	 2
0.336304631624	17.0	152.0	141.0	310.0	 2
0.33837687278	17.0	151.0	142.0	310.0	 2
0.340124281511	17.0	150.0	143.0	310.0	 2
0.348744038677	16.0	151.0	143.0	310.0	 1
0.352528236288	16.0	150.0	144.0	310.0	 2
0.356961373358	15.0	151.0	144.0	310.0	 1
0.358209459339	14.0	152.0	144.0	310.0	 1
0.363137588342	14.0	151.0	145.0	310.0	 2
0.375134897368	14.0	150.0	146.0	310.0	 2
0.381160705861	13.0	151.0	146.0	310.0	 1
0.386639285881	12.0	152.0	146.0	310.0	 1
0.389095484576	12.0	151.0	147.0	310.0	 2
0.393714190593	12.0	150.0	148.0	310.0	 2
0.396093595467	12.0	149.0	149.0	310.0	 2
0.396748907524	11.0	150.0	149.0	310.0	 1
0.41104461659	11.0	149.0	150.0	310.0	 2
0.411733748949	10.0	150.0	150.0	310.0	 1
0.415020719229	10.0	149.0	151.0	310.0	 2
0.421589601299	10.0	148.0	152.0	310.0	 2
0.424669687853	10.0	147.0	153.0	310.0	 2
0.427231136936	9.0	148.0	153.0	310.0	 1
0.427782138144	9.0	147.0	154.0	310.0	 2
0.429875835846	9.0	146.0	155.0	310.0	 2
0.437079983016	9.0	145.0	156.0	310.0	 2
0.447275058067	9.0	144.0	157.0	310.0	 2
0.454545454545	9.0	144.0	157.0	310.0	 0
