# reactions: 2
Time	S	I	R	N	Fired Reaction
0.0	46.0	181.0	83.0	310.0	 0
0.000473771532004	46.0	180.0	84.0	310.0	 2
0.00127657150552	45.0	181.0	84.0	310.0	 1
0.00199385872116	44.0	182.0	84.0	310.0	 1
0.00387539061125	43.0	183.0	84.0	310.0	 1
0.00793895747809	42.0	184.0	84.0	310.0	 1
0.0114016597771	42.0	183.0	85.0	310.0	 2
0.0177167248205	41.0	184.0	85.0	310.0	 1
0.0203342441794	41.0	183.0	86.0	310.0	 2
0.0206521379866	41.0	182.0	87.0	310.0	 2
0.0234683330908	40.0	183.0	87.0	310.0	 1
0.0262604423902	39.0	184.0	87.0	310.0	 1
0.0288926164125	39.0	183.0	88.0	310.0	 2
0.0317934864879	38.0	184.0	88.0	310.0	 1
0.0322463827504	38.0	183.0	89.0	310.0	 2
0.0512044605708	38.0	182.0	90.0	310.0	 2
0.0517029699544	38.0	181.0	91.0	310.0	 2
0.0534687058343	37.0	182.0	91.0	310.0	 1
0.0561585606824	36.0	183.0	91.0	310.0	 1
0.0598406874246	35.0	184.0	91.0	310.0	 1
0.0627014982567	34.0	185.0	91.0	310.0	 1
0.0660794715706	34.0	184.0	92.0	310.0	 2
0.0829942598899	33.0	185.0	92.0	310.0	 1
0.0847175022207	33.0	184.0	93.0	310.0	 2
0.0847973726335	33.0	183.0	94.0	310.0	 2
0.0876677414413	33.0	182.0	95.0	310.0	 2
0.0938499792934	32.0	183.0	95.0	310.0	 1
0.0955894833272	31.0	184.0	95.0	310.0	 1
0.0974468216423	31.0	183.0	96.0	310.0	 2
0.097635570753	31.0	182.0	97.0	310.0	 2
0.102240263278	30.0	183.0	97.0	310.0	 1
0.103138839133	29.0	184.0	97.0	310.0	 1
0.104067198162	29.0	183.0	98.0	310.0	 2
0.109803992188	29.0	182.0	99.0	310.0	 2
0.113053399135	28.0	183.0	99.0	310.0	 1
0.113455638517	28.0	182.0	100.0	310.0	 2
0.116496275849	27.0	183.0	100.0	310.0	 1
0.117893299976	26.0	184.0	100.0	310.0	 1
0.120138037774	26.0	183.0	101.0	310.0	 2
0.124104658316	26.0	182.0	102.0	310.0	 2
0.125935939112	26.0	181.0	103.0	310.0	 2
0.127220250955	26.0	180.0	104.0	310.0	 2
0.129639693555	26.0	179.0	105.0	310.0	 2
0.130598939736	25.0	180.0	105.0	310.0	 1
0.131158133832	24.0	181.0	105.0	310.0	 1
0.132923036982	23.0	182.0	105.0	310.0	 1
0.135467916454	23.0	181.0	106.0	310.0	 2
0.1368177464	23.0	180.0	107.0	310.0	 2
0.137270634046	22.0	181.0	107.0	310.0	 1
0.137357165411	21.0	182.0	107.0	310.0	 1
0.144959542101	20.0	183.0	107.0	310.0	 1
0.154660603822	19.0	184.0	107.0	310.0	 1
0.15936358769	18.0	185.0	107.0	310.0	 1
0.160152190335	17.0	186.0	107.0	310.0	 1
0.160217094198	16.0	187.0	107.0	310.0	 1
0.160497611714	16.0	186.0	108.0	310.0	 2
0.160594690643	15.0	187.0	108.0	310.0	 1
0.162233386627	15.0	186.0	109.0	310.0	 2
0.163310623156	15.0	185.0	110.0	310.0	 2
0.167006873956	15.0	184.0	111.0	310.0	 2
0.167063227368	15.0	183.0	112.0	310.0	 2
0.16762211848	14.0	184.0	112.0	310.0	 1
0.167939707279	13.0	185.0	112.0	310.0	 1
0.170450921161	12.0	186.0	112.0	310.0	 1
0.171416997134	12.0	185.0	113.0	310.0	 2
0.175331070992	11.0	186.0	113.0	310.0	 1
0.176537342911	11.0	185.0	114.0	310.0	 2
0.177311032052	11.0	184.0	115.0	310.0	 2
0.178284285649	11.0	183.0	116.0	310.0	 2
0.185244290167	11.0	182.0	117.0	310.0	 2
0.189311499758	11.0	181.0	118.0	310.0	 2
0.192654799684	10.0	182.0	118.0	310.0	 1
0.212787716471	10.0	181.0	119.0	310.0	 2
0.213702334727	10.0	180.0	120.0	310.0	 2
0.214071008334	9.0	181.0	120.0	310.0	 1
0.2205545663	9.0	180.0	121.0	310.0	 2
0.22215980098	9.0	179.0	122.0	310.0	 2
0.225773625496	9.0	178.0	123.0	310.0	 2
0.226511351256	9.0	177.0	124.0	310.0	 2
0.229860787029	9.0	176.0	125.0	310.0	 2
0.229924184246	8.0	177.0	125.0	310.0	 1
0.235405397628	8.0	176.0	126.0	310.0	 2
0.251049072711	8.0	175.0	127.0	310.0	 2
0.254049631732	8.0	174.0	128.0	310.0	 2
0.270320775023	7.0	175.0	128.0	310.0	 1
0.27961898207	7.0	174.0	129.0	310.0	 2
0.284518890141	7.0	173.0	130.0	310.0	 2
0.28799415422	7.0	172.0	131.0	310.0	 2
0.296739489695	7.0	171.0	132.0	310.0	 2
0.299183498067	7.0	170.0	133.0	310.0	 2
0.300936021912	7.0	169.0	134.0	310.0	 2
0.301064577164	7.0	168.0	135.0	310.0	 2
0.30299302971	7.0	167.0	136.0	310.0	 2
0.303866318704	7.0	166.0	137.0	310.0	 2
0.307399496753	7.0	165.0	138.0	310.0	 2
0.307919551096	7.0	164.0	139.0	310.0	 2
0.308172151489	7.0	163.0	140.0	310.0	 2
0.308816008224	7.0	162.0	141.0	310.0	 2
0.320169625121	7.0	161.0	142.0	310.0	 2
0.320640535949	7.0	160.0	143.0	310.0	 2
0.32636630062	7.0	159.0	144.0	310.0	 2
0.326714350556	6.0	160.0	144.0	310.0	 1
0.327991863843	6.0	159.0	145.0	310.0	 2
0.342084703119	6.0	158.0	146.0	310.0	 2
0.351843287003	6.0	157.0	147.0	310.0	 2
0.35563115321	6.0	156.0	148.0	310.0	 2
0.360625588913	6.0	155.0	149.0	310.0	 2
0.367935401299	6.0	154.0	150.0	310.0	 2
0.371860598279	5.0	155.0	150.0	310.0	 1
0.373033053206	5.0	154.0	151.0	310.0	 2
0.384918693106	5.0	153.0	152.0	310.0	 2
0.393098949217	5.0	152.0	153.0	310.0	 2
0.393652816269	5.0	151.0	154.0	310.0	 2
0.419086769255	5.0	150.0	155.0	310.0	 2
0.419872932979	5.0	149.0	156.0	310.0	 2
0.421646379243	5.0	148.0	157.0	310.0	 2
0.430349564826	4.0	149.0	157.0	310.0	 1
0.432500330176	4.0	148.0	158.0	310.0	 2
0.43378083485	4.0	147.0	159.0	310.0	 2
0.436599750416	4.0	146.0	160.0	310.0	 2
0.443990564852	3.0	147.0	160.0	310.0	 1
0.448730016536	2.0	148.0	160.0	310.0	 1
0.449990845175	2.0	147.0	161.0	310.0	 2
0.454545454545	2.0	147.0	161.0	310.0	 0
