# reactions: 2
Time	S	I	R	N	Fired Reaction
0.0	46.0	181.0	83.0	310.0	 0
0.00287691916013	45.0	182.0	83.0	310.0	 1
0.00819595878623	44.0	183.0	83.0	310.0	 1
0.017110827114	44.0	182.0	84.0	310.0	 2
0.0178866322531	43.0	183.0	84.0	310.0	 1
0.0187810550768	42.0	184.0	84.0	310.0	 1
0.0189503393431	41.0	185.0	84.0	310.0	 1
0.019183909983	41.0	184.0	85.0	310.0	 2
0.0193202397653	41.0	183.0	86.0	310.0	 2
0.0237758217631	41.0	182.0	87.0	310.0	 2
0.0240058272355	40.0	183.0	87.0	310.0	 1
0.029702194537	40.0	182.0	88.0	310.0	 2
0.0328239307097	40.0	181.0	89.0	310.0	 2
0.0356941695508	40.0	180.0	90.0	310.0	 2
0.0407345364449	39.0	181.0	90.0	310.0	 1
0.0411087736322	38.0	182.0	90.0	310.0	 1
0.0427914012376	38.0	181.0	91.0	310.0	 2
0.0444082696903	37.0	182.0	91.0	310.0	 1
0.0457062270471	37.0	181.0	92.0	310.0	 2
0.0481494996005	36.0	182.0	92.0	310.0	 1
0.0484496081295	36.0	181.0	93.0	310.0	 2
0.0489336168446	36.0	180.0	94.0	310.0	 2
0.049135657413	35.0	181.0	94.0	310.0	 1
0.0512700573234	34.0	182.0	94.0	310.0	 1
0.0547866368642	34.0	181.0	95.0	310.0	 2
0.0630950012791	34.0	180.0	96.0	310.0	 2
0.0641240898872	33.0	181.0	96.0	310.0	 1
0.0665522476827	32.0	182.0	96.0	310.0	 1
0.0685900961497	31.0	183.0	96.0	310.0	 1
0.0714519767109	31.0	182.0	97.0	310.0	 2
0.0762571436829	31.0	181.0	98.0	310.0	 2
0.0794284389639	31.0	180.0	99.0	310.0	 2
0.0872659822827	30.0	181.0	99.0	310.0	 1
0.0873549159612	29.0	182.0	99.0	310.0	 1
0.0887537772846	29.0	181.0	100.0	310.0	 2
0.0894178019008	28.0	182.0	100.0	310.0	 1
0.0902552712201	27.0	183.0	100.0	310.0	 1
0.0955199629637	27.0	182.0	101.0	310.0	 2
0.103785477742	27.0	181.0	102.0	310.0	 2
0.105980259425	27.0	180.0	103.0	310.0	 2
0.107123132894	26.0	181.0	103.0	310.0	 1
0.109560307739	26.0	180.0	104.0	310.0	 2
0.117824696902	26.0	179.0	105.0	310.0	 2
0.118161152692	25.0	180.0	105.0	310.0	 1
0.119028229289	24.0	181.0	105.0	310.0	 1
0.119035870983	24.0	180.0	106.0	310.0	 2
0.122888291973	24.0	179.0	107.0	310.0	 2
0.126615992879	23.0	180.0	107.0	310.0	 1
0.134596954642	23.0	179.0	108.0	310.0	 2
0.139844162909	23.0	178.0	109.0	310.0	 2
0.141709807235	23.0	177.0	110.0	310.0	 2
0.141717662424	22.0	178.0	110.0	310.0	 1
0.143480790806	21.0	179.0	110.0	310.0	 1
0.148035962046	21.0	178.0	111.0	310.0	 2
0.150752581851	20.0	179.0	111.0	310.0	 1
0.15264654112	20.0	178.0	112.0	310.0	 2
0.153545585972	19.0	179.0	112.0	310.0	 1
0.154510450555	19.0	178.0	113.0	310.0	 2
0.156386054769	19.0	177.0	114.0	310.0	 2
0.156924865627	19.0	176.0	115.0	310.0	 2
0.159707081128	19.0	175.0	116.0	310.0	 2
0.16159724405	18.0	176.0	116.0	310.0	 1
0.162962868232	18.0	175.0	117.0	310.0	 2
0.167018249259	18.0	174.0	118.0	310.0	 2
0.174375238721	18.0	173.0	119.0	310.0	 2
0.180061036362	17.0	174.0	119.0	310.0	 1
0.18252210989	17.0	173.0	120.0	310.0	 2
0.191380837151	17.0	172.0	121.0	310.0	 2
0.197456019011	17.0	171.0	122.0	310.0	 2
0.198996364273	16.0	172.0	122.0	310.0	 1
0.199986881572	16.0	171.0	123.0	310.0	 2
0.204624301269	16.0	170.0	124.0	310.0	 2
0.214409840961	15.0	171.0	124.0	310.0	 1
0.214557150213	15.0	170.0	125.0	310.0	 2
0.218940406491	15.0	169.0	126.0	310.0	 2
0.221753426848	14.0	170.0	126.0	310.0	 1
0.222050212738	13.0	171.0	126.0	310.0	 1
0.224167375746	13.0	170.0	127.0	310.0	 2
0.224311794479	13.0	169.0	128.0	310.0	 2
0.227165121541	13.0	168.0	129.0	310.0	 2
0.233726487627	12.0	169.0	129.0	310.0	 1
0.234323431918	11.0	170.0	129.0	310.0	 1
0.236518091369	10.0	171.0	129.0	310.0	 1
0.236824261885	10.0	170.0	130.0	310.0	 2
0.241911433014	10.0	169.0	131.0	310.0	 2
0.245257505945	9.0	170.0	131.0	310.0	 1
0.247930289086	8.0	171.0	131.0	310.0	 1
0.253610427239	8.0	170.0	132.0	310.0	 2
0.258250584355	8.0	169.0	133.0	310.0	 2
0.262429397486	8.0	168.0	134.0	310.0	 2
0.26288109865	7.0	169.0	134.0	310.0	 1
0.27193511825	7.0	168.0	135.0	310.0	 2
0.274496213851	7.0	167.0	136.0	310.0	 2
0.282418020178	7.0	166.0	137.0	310.0	 2
0.289075806087	6.0	167.0	137.0	310.0	 1
0.289490963201	6.0	166.0	138.0	310.0	 2
0.290462113401	6.0	165.0	139.0	310.0	 2
0.294174128302	6.0	164.0	140.0	310.0	 2
0.299948409534	5.0	165.0	140.0	310.0	 1
0.306130641123	5.0	164.0	141.0	310.0	 2
0.312295235658	5.0	163.0	142.0	310.0	 2
0.322047781585	5.0	162.0	143.0	310.0	 2
0.329648430893	4.0	163.0	143.0	310.0	 1
0.339982165057	4.0	162.0	144.0	310.0	 2
0.340162456922	4.0	161.0	145.0	310.0	 2
0.343066061741	4.0	160.0	146.0	310.0	 2
0.343129492243	4.0	159.0	147.0	310.0	 2
0.343981956118	4.0	158.0	148.0	310.0	 2
0.344187485926	4.0	157.0	149.0	310.0	 2
0.345158907283	4.0	156.0	150.0	310.0	 2
0.354875769005	4.0	155.0	151.0	310.0	 2
0.358551888787	4.0	154.0	152.0	310.0	 2
0.362905957932	4.0	153.0	153.0	310.0	 2
0.383095315464	4.0	152.0	154.0	310.0	 2
0.388222162393	4.0	151.0	155.0	310.0	 2
0.397393272933	4.0	150.0	156.0	310.0	 2
0.398648173883	3.0	151.0	156.0	310.0	 1
0.408986628436	3.0	150.0	157.0	310.0	 2
0.418990922077	3.0	149.0	158.0	310.0	 2
0.420271775895	3.0	148.0	159.0	310.0	 2
0.427869000048	3.0	147.0	160.0	310.0	 2
0.43182025314	3.0	146.0	161.0	310.0	 2
0.433514000687	2.0	147.0	161.0	310.0	 1
0.434631539511	2.0	146.0	162.0	310.0	 2
0.451009952916	2.0	145.0	163.0	310.0	 2
0.454545454545	2.0	145.0	163.0	310.0	 0
