# reactions: 2
Time	S	I	R	N	Fired Reaction
0.0	46.0	181.0	83.0	310.0	 0
0.00088791188738	45.0	182.0	83.0	310.0	 1
0.00418874327924	44.0	183.0	83.0	310.0	 1
0.00507444970133	44.0	182.0	84.0	310.0	 2
0.0124009076079	44.0	181.0	85.0	310.0	 2
0.0134308755131	44.0	180.0	86.0	310.0	 2
0.0146661880358	43.0	181.0	86.0	310.0	 1
0.016662721176	42.0	182.0	86.0	310.0	 1
0.0173375665051	41.0	183.0	86.0	310.0	 1
0.0180854867952	41.0	182.0	87.0	310.0	 2
0.0204560565577	40.0	183.0	87.0	310.0	 1
0.023620236758	40.0	182.0	88.0	310.0	 2
0.0270518899063	40.0	181.0	89.0	310.0	 2
0.033634957504	39.0	182.0	89.0	310.0	 1
0.0342330633764	38.0	183.0	89.0	310.0	 1
0.0355295302544	38.0	182.0	90.0	310.0	 2
0.0393167400533	38.0	181.0	91.0	310.0	 2
0.0394681392057	38.0	180.0	92.0	310.0	 2
0.0425292321129	37.0	181.0	92.0	310.0	 1
0.0443397423783	37.0	180.0	93.0	310.0	 2
0.0485112707237	36.0	181.0	93.0	310.0	 1
0.0486365045093	35.0	182.0	93.0	310.0	 1
0.0616311791735	35.0	181.0	94.0	310.0	 2
0.0633596311003	35.0	180.0	95.0	310.0	 2
0.064143996523	34.0	181.0	95.0	310.0	 1
0.0645160310634	34.0	180.0	96.0	310.0	 2
0.0653034400788	34.0	179.0	97.0	310.0	 2
0.0717311973088	33.0	180.0	97.0	310.0	 1
0.072018300325	33.0	179.0	98.0	310.0	 2
0.0750846091117	33.0	178.0	99.0	310.0	 2
0.075815878596	33.0	177.0	100.0	310.0	 2
0.0763795409613	33.0	176.0	101.0	310.0	 2
0.0804754622388	32.0	177.0	101.0	310.0	 1
0.0811566471486	32.0	176.0	102.0	310.0	 2
0.0817313187229	31.0	177.0	102.0	310.0	 1
0.0873707447755	31.0	176.0	103.0	310.0	 2
0.0877950512362	31.0	175.0	104.0	310.0	 2
0.0886653234176	31.0	174.0	105.0	310.0	 2
0.0905245618941	30.0	175.0	105.0	310.0	 1
0.0910750932582	29.0	176.0	105.0	310.0	 1
0.102682511435	29.0	175.0	106.0	310.0	 2
0.110211036918	28.0	176.0	106.0	310.0	 1
0.112429908104	27.0	177.0	106.0	310.0	 1
0.113164474946	27.0	176.0	107.0	310.0	 2
0.113714838579	27.0	175.0	108.0	310.0	 2
0.117614910579	27.0	174.0	109.0	310.0	 2
0.118368880409	26.0	175.0	109.0	310.0	 1
0.126469417917	26.0	174.0	110.0	310.0	 2
0.135075774431	26.0	173.0	111.0	310.0	 2
0.142470427707	25.0	174.0	111.0	310.0	 1
0.145929140618	25.0	173.0	112.0	310.0	 2
0.147754011745	24.0	174.0	112.0	310.0	 1
0.149201485237	24.0	173.0	113.0	310.0	 2
0.150141227433	24.0	172.0	114.0	310.0	 2
0.150709654316	23.0	173.0	114.0	310.0	 1
0.150746117808	23.0	172.0	115.0	310.0	 2
0.151376376549	23.0	171.0	116.0	310.0	 2
0.154760558703	23.0	170.0	117.0	310.0	 2
0.155742193711	22.0	171.0	117.0	310.0	 1
0.161436461993	22.0	170.0	118.0	310.0	 2
0.163265748925	22.0	169.0	119.0	310.0	 2
0.176981940972	21.0	170.0	119.0	310.0	 1
0.179624750148	21.0	169.0	120.0	310.0	 2
0.183822925344	21.0	168.0	121.0	310.0	 2
0.185402427231	21.0	167.0	122.0	310.0	 2
0.191305583566	21.0	166.0	123.0	310.0	 2
0.192516553468	20.0	167.0	123.0	310.0	 1
0.206938056045	20.0	166.0	124.0	310.0	 2
0.21316090606	20.0	165.0	125.0	310.0	 2
0.217021983127	20.0	164.0	126.0	310.0	 2
0.219666333932	20.0	163.0	127.0	310.0	 2
0.227763847398	20.0	162.0	128.0	310.0	 2
0.229587836922	20.0	161.0	129.0	310.0	 2
0.229677991579	20.0	160.0	130.0	310.0	 2
0.234848157114	19.0	161.0	130.0	310.0	 1
0.239181000425	19.0	160.0	131.0	310.0	 2
0.258172409758	19.0	159.0	132.0	310.0	 2
0.260298915668	19.0	158.0	133.0	310.0	 2
0.262800711884	19.0	157.0	134.0	310.0	 2
0.263909937218	19.0	156.0	135.0	310.0	 2
0.265830545098	19.0	155.0	136.0	310.0	 2
0.269156427747	19.0	154.0	137.0	310.0	 2
0.269443471061	18.0	155.0	137.0	310.0	 1
0.272083169657	17.0	156.0	137.0	310.0	 1
0.276696467284	16.0	157.0	137.0	310.0	 1
0.285009520856	16.0	156.0	138.0	310.0	 2
0.28917261678	16.0	155.0	139.0	310.0	 2
0.291607602992	16.0	154.0	140.0	310.0	 2
0.293155954002	15.0	155.0	140.0	310.0	 1
0.294840587218	15.0	154.0	141.0	310.0	 2
0.297550204222	14.0	155.0	141.0	310.0	 1
0.301519155605	13.0	156.0	141.0	310.0	 1
0.309338117508	13.0	155.0	142.0	310.0	 2
0.312914324616	13.0	154.0	143.0	310.0	 2
0.313496685436	13.0	153.0	144.0	310.0	 2
0.332064263597	13.0	152.0	145.0	310.0	 2
0.332933774298	13.0	151.0	146.0	310.0	 2
0.339162928653	12.0	152.0	146.0	310.0	 1
0.341084276402	11.0	153.0	146.0	310.0	 1
0.342745189396	11.0	152.0	147.0	310.0	 2
0.348052059734	11.0	151.0	148.0	310.0	 2
0.353518784851	11.0	150.0	149.0	310.0	 2
0.359794008826	11.0	149.0	150.0	310.0	 2
0.388183724711	11.0	148.0	151.0	310.0	 2
0.395677449256	11.0	147.0	152.0	310.0	 2
0.396527807491	11.0	146.0	153.0	310.0	 2
0.40362867643	11.0	145.0	154.0	310.0	 2
0.409311332824	11.0	144.0	155.0	310.0	 2
0.410573179598	11.0	143.0	156.0	310.0	 2
0.410751525335	11.0	142.0	157.0	310.0	 2
0.41222423995	11.0	141.0	158.0	310.0	 2
0.418575818896	11.0	140.0	159.0	310.0	 2
0.422452867047	10.0	141.0	159.0	310.0	 1
0.426023264648	10.0	140.0	160.0	310.0	 2
0.433747227256	10.0	139.0	161.0	310.0	 2
0.443718871716	10.0	138.0	162.0	310.0	 2
0.454375376846	10.0	137.0	163.0	310.0	 2
0.454545454545	10.0	137.0	163.0	310.0	 0
