# reactions: 2
Time	S	I	R	N	Fired Reaction
0.0	46.0	181.0	83.0	310.0	 0
0.00176237575397	45.0	182.0	83.0	310.0	 1
0.00678686782881	44.0	183.0	83.0	310.0	 1
0.00828445956319	43.0	184.0	83.0	310.0	 1
0.00983459272551	42.0	185.0	83.0	310.0	 1
0.0114688979062	42.0	184.0	84.0	310.0	 2
0.0155519953969	42.0	183.0	85.0	310.0	 2
0.0170862873367	41.0	184.0	85.0	310.0	 1
0.0177748519206	40.0	185.0	85.0	310.0	 1
0.0188494621691	39.0	186.0	85.0	310.0	 1
0.0196932408022	39.0	185.0	86.0	310.0	 2
0.0287511984513	38.0	186.0	86.0	310.0	 1
0.0420324036368	37.0	187.0	86.0	310.0	 1
0.0459186470982	37.0	186.0	87.0	310.0	 2
0.0485245693595	36.0	187.0	87.0	310.0	 1
0.0504100762965	36.0	186.0	88.0	310.0	 2
0.0530496620907	36.0	185.0	89.0	310.0	 2
0.0579878932537	36.0	184.0	90.0	310.0	 2
0.0637575506989	35.0	185.0	90.0	310.0	 1
0.0646564496521	35.0	184.0	91.0	310.0	 2
0.0675826439135	34.0	185.0	91.0	310.0	 1
0.0676234046826	33.0	186.0	91.0	310.0	 1
0.0709334648567	33.0	185.0	92.0	310.0	 2
0.0789036547699	32.0	186.0	92.0	310.0	 1
0.0815821777549	31.0	187.0	92.0	310.0	 1
0.0842219083778	30.0	188.0	92.0	310.0	 1
0.0849836588463	30.0	187.0	93.0	310.0	 2
0.0900851558021	29.0	188.0	93.0	310.0	 1
0.0921473772484	28.0	189.0	93.0	310.0	 1
0.0935838280661	27.0	190.0	93.0	310.0	 1
0.0979394359306	27.0	189.0	94.0	310.0	 2
0.0985652222206	26.0	190.0	94.0	310.0	 1
0.100593395367	25.0	191.0	94.0	310.0	 1
0.105763485446	25.0	190.0	95.0	310.0	 2
0.106804754561	25.0	189.0	96.0	310.0	 2
0.108159144592	25.0	188.0	97.0	310.0	 2
0.108904700606	24.0	189.0	97.0	310.0	 1
0.110404111332	24.0	188.0	98.0	310.0	 2
0.115962748932	23.0	189.0	98.0	310.0	 1
0.117849508033	23.0	188.0	99.0	310.0	 2
0.120835881609	22.0	189.0	99.0	310.0	 1
0.121285796243	22.0	188.0	100.0	310.0	 2
0.124031232708	22.0	187.0	101.0	310.0	 2
0.127542464164	22.0	186.0	102.0	310.0	 2
0.128617905737	22.0	185.0	103.0	310.0	 2
0.129453642759	22.0	184.0	104.0	310.0	 2
0.131925079731	21.0	185.0	104.0	310.0	 1
0.139584851266	20.0	186.0	104.0	310.0	 1
0.151841643632	19.0	187.0	104.0	310.0	 1
0.161853844166	18.0	188.0	104.0	310.0	 1
0.175992907146	18.0	187.0	105.0	310.0	 2
0.181588346824	17.0	188.0	105.0	310.0	 1
0.1852715495	17.0	187.0	106.0	310.0	 2
0.185668525065	17.0	186.0	107.0	310.0	 2
0.189435261885	17.0	185.0	108.0	310.0	 2
0.190916625832	17.0	184.0	109.0	310.0	 2
0.196533005219	17.0	183.0	110.0	310.0	 2
0.197240799566	17.0	182.0	111.0	310.0	 2
0.207506055989	17.0	181.0	112.0	310.0	 2
0.219824945	17.0	180.0	113.0	310.0	 2
0.222213093918	17.0	179.0	114.0	310.0	 2
0.231577022955	17.0	178.0	115.0	310.0	 2
0.23466309158	17.0	177.0	116.0	310.0	 2
0.235738614299	17.0	176.0	117.0	310.0	 2
0.236964006055	17.0	175.0	118.0	310.0	 2
0.240643550032	17.0	174.0	119.0	310.0	 2
0.243492803671	17.0	173.0	120.0	310.0	 2
0.247041166288	17.0	172.0	121.0	310.0	 2
0.249182522577	17.0	171.0	122.0	310.0	 2
0.253864813436	17.0	170.0	123.0	310.0	 2
0.258375878912	17.0	169.0	124.0	310.0	 2
0.262844028892	16.0	170.0	124.0	310.0	 1
0.266867770735	15.0	171.0	124.0	310.0	 1
0.267661637824	15.0	170.0	125.0	310.0	 2
0.286978008143	15.0	169.0	126.0	310.0	 2
0.307139098475	15.0	168.0	127.0	310.0	 2
0.314533293462	15.0	167.0	128.0	310.0	 2
0.333619950358	15.0	166.0	129.0	310.0	 2
0.333954069088	14.0	167.0	129.0	310.0	 1
0.336909966155	14.0	166.0	130.0	310.0	 2
0.337393552683	14.0	165.0	131.0	310.0	 2
0.34602090511	14.0	164.0	132.0	310.0	 2
0.352322898623	13.0	165.0	132.0	310.0	 1
0.355587762159	13.0	164.0	133.0	310.0	 2
0.364901290591	13.0	163.0	134.0	310.0	 2
0.376187576872	12.0	164.0	134.0	310.0	 1
0.377323715419	12.0	163.0	135.0	310.0	 2
0.378823963369	12.0	162.0	136.0	310.0	 2
0.380137625568	12.0	161.0	137.0	310.0	 2
0.382059455042	12.0	160.0	138.0	310.0	 2
0.39064977685	11.0	161.0	138.0	310.0	 1
0.392454667885	11.0	160.0	139.0	310.0	 2
0.392918645788	11.0	159.0	140.0	310.0	 2
0.404652438665	11.0	158.0	141.0	310.0	 2
0.406727212266	10.0	159.0	141.0	310.0	 1
0.408960157307	10.0	158.0	142.0	310.0	 2
0.409737515485	10.0	157.0	143.0	310.0	 2
0.411647249487	10.0	156.0	144.0	310.0	 2
0.415737801614	10.0	155.0	145.0	310.0	 2
0.415800296385	10.0	154.0	146.0	310.0	 2
0.430203971583	9.0	155.0	146.0	310.0	 1
0.43149662488	9.0	154.0	147.0	310.0	 2
0.434736508347	9.0	153.0	148.0	310.0	 2
0.44047211477	9.0	152.0	149.0	310.0	 2
0.441296590039	9.0	151.0	150.0	310.0	 2
0.448259254884	9.0	150.0	151.0	310.0	 2
0.452076578525	9.0	149.0	152.0	310.0	 2
0.454545454545	9.0	149.0	152.0	310.0	 0
