# reactions: 2
Time	S	I	R	N	Fired Reaction
0.0	46.0	181.0	83.0	310.0	 0
0.00447049490818	46.0	180.0	84.0	310.0	 2
0.00593332510322	46.0	179.0	85.0	310.0	 2
0.00850035666237	46.0	178.0	86.0	310.0	 2
0.0086122536427	46.0	177.0	87.0	310.0	 2
0.0100450248438	45.0	178.0	87.0	310.0	 1
0.010088598422	44.0	179.0	87.0	310.0	 1
0.0175715125129	43.0	180.0	87.0	310.0	 1
0.018633912033	42.0	181.0	87.0	310.0	 1
0.0193061637194	41.0	182.0	87.0	310.0	 1
0.0200869460972	40.0	183.0	87.0	310.0	 1
0.0270745536656	39.0	184.0	87.0	310.0	 1
0.0271215008761	39.0	183.0	88.0	310.0	 2
0.0281378859799	38.0	184.0	88.0	310.0	 1
0.032991747459	37.0	185.0	88.0	310.0	 1
0.0364500778093	36.0	186.0	88.0	310.0	 1
0.0379254167846	36.0	185.0	89.0	310.0	 2
0.0403679480513	36.0	184.0	90.0	310.0	 2
0.0472345058754	35.0	185.0	90.0	310.0	 1
0.0500339284663	35.0	184.0	91.0	310.0	 2
0.0511303659997	35.0	183.0	92.0	310.0	 2
0.0514717951023	34.0	184.0	92.0	310.0	 1
0.0522803033039	34.0	183.0	93.0	310.0	 2
0.0555345221409	33.0	184.0	93.0	310.0	 1
0.0571068590585	32.0	185.0	93.0	310.0	 1
0.0624397221705	31.0	186.0	93.0	310.0	 1
0.0682816082556	31.0	185.0	94.0	310.0	 2
0.0789893491525	31.0	184.0	95.0	310.0	 2
0.0807801967011	31.0	183.0	96.0	310.0	 2
0.0909173008185	31.0	182.0	97.0	310.0	 2
0.0938664244461	31.0	181.0	98.0	310.0	 2
0.107199367305	30.0	182.0	98.0	310.0	 1
0.108529609216	30.0	181.0	99.0	310.0	 2
0.115143792866	29.0	182.0	99.0	310.0	 1
0.118913088761	28.0	183.0	99.0	310.0	 1
0.120900264904	28.0	182.0	100.0	310.0	 2
0.124236854339	27.0	183.0	100.0	310.0	 1
0.140699876083	26.0	184.0	100.0	310.0	 1
0.143608737183	25.0	185.0	100.0	310.0	 1
0.144648824174	25.0	184.0	101.0	310.0	 2
0.147640240442	24.0	185.0	101.0	310.0	 1
0.152182571029	23.0	186.0	101.0	310.0	 1
0.153985735183	22.0	187.0	101.0	310.0	 1
0.164658338377	22.0	186.0	102.0	310.0	 2
0.16932169469	22.0	185.0	103.0	310.0	 2
0.171973534893	22.0	184.0	104.0	310.0	 2
0.172219214842	22.0	183.0	105.0	310.0	 2
0.183227509099	21.0	184.0	105.0	310.0	 1
0.184118277065	20.0	185.0	105.0	310.0	 1
0.184568657086	20.0	184.0	106.0	310.0	 2
0.191562543244	20.0	183.0	107.0	310.0	 2
0.19390042599	20.0	182.0	108.0	310.0	 2
0.194030600848	19.0	183.0	108.0	310.0	 1
0.20149397428	18.0	184.0	108.0	310.0	 1
0.203033764972	17.0	185.0	108.0	310.0	 1
0.205296126369	17.0	184.0	109.0	310.0	 2
0.210971813116	16.0	185.0	109.0	310.0	 1
0.226570774149	15.0	186.0	109.0	310.0	 1
0.229066218375	15.0	185.0	110.0	310.0	 2
0.23320822805	15.0	184.0	111.0	310.0	 2
0.237691694014	15.0	183.0	112.0	310.0	 2
0.239206333938	14.0	184.0	112.0	310.0	 1
0.23997311641	14.0	183.0	113.0	310.0	 2
0.242770398978	14.0	182.0	114.0	310.0	 2
0.244894603142	14.0	181.0	115.0	310.0	 2
0.246012985742	14.0	180.0	116.0	310.0	 2
0.2470998117	14.0	179.0	117.0	310.0	 2
0.247534713996	14.0	178.0	118.0	310.0	 2
0.247735844019	14.0	177.0	119.0	310.0	 2
0.250729022004	14.0	176.0	120.0	310.0	 2
0.254203446182	14.0	175.0	121.0	310.0	 2
0.258924965765	14.0	174.0	122.0	310.0	 2
0.263046101186	14.0	173.0	123.0	310.0	 2
0.264318687151	14.0	172.0	124.0	310.0	 2
0.264762055187	13.0	173.0	124.0	310.0	 1
0.266882209157	13.0	172.0	125.0	310.0	 2
0.268983971673	13.0	171.0	126.0	310.0	 2
0.271507489601	13.0	170.0	127.0	310.0	 2
0.271888293199	13.0	169.0	128.0	310.0	 2
0.292057156952	13.0	168.0	129.0	310.0	 2
0.293220480858	13.0	167.0	130.0	310.0	 2
0.293940354012	12.0	168.0	130.0	310.0	 1
0.294408071095	12.0	167.0	131.0	310.0	 2
0.297222676642	12.0	166.0	132.0	310.0	 2
0.297417944386	12.0	165.0	133.0	310.0	 2
0.306678087176	12.0	164.0	134.0	310.0	 2
0.307670703113	11.0	165.0	134.0	310.0	 1
0.309979502384	11.0	164.0	135.0	310.0	 2
0.326890360325	11.0	163.0	136.0	310.0	 2
0.336951460395	11.0	162.0	137.0	310.0	 2
0.345776049781	11.0	161.0	138.0	310.0	 2
0.351061242872	11.0	160.0	139.0	310.0	 2
0.354522254001	11.0	159.0	140.0	310.0	 2
0.355297778173	11.0	158.0	141.0	310.0	 2
0.368670410729	11.0	157.0	142.0	310.0	 2
0.369020490796	11.0	156.0	143.0	310.0	 2
0.369910955342	11.0	155.0	144.0	310.0	 2
0.371400802109	11.0	154.0	145.0	310.0	 2
0.376005270472	11.0	153.0	146.0	310.0	 2
0.376069714047	10.0	154.0	146.0	310.0	 1
0.384909669193	10.0	153.0	147.0	310.0	 2
0.389625172621	10.0	152.0	148.0	310.0	 2
0.389842073358	10.0	151.0	149.0	310.0	 2
0.39360619376	10.0	150.0	150.0	310.0	 2
0.406082345741	10.0	149.0	151.0	310.0	 2
0.406379027816	10.0	148.0	152.0	310.0	 2
0.410117377559	10.0	147.0	153.0	310.0	 2
0.411261608548	10.0	146.0	154.0	310.0	 2
0.418422353928	9.0	147.0	154.0	310.0	 1
0.424323251736	8.0	148.0	154.0	310.0	 1
0.43317801282	8.0	147.0	155.0	310.0	 2
0.434369014927	8.0	146.0	156.0	310.0	 2
0.435285850451	8.0	145.0	157.0	310.0	 2
0.443492110567	8.0	144.0	158.0	310.0	 2
0.447981545918	8.0	143.0	159.0	310.0	 2
0.451790727061	8.0	142.0	160.0	310.0	 2
0.454545454545	8.0	142.0	160.0	310.0	 0
