# reactions: 2
Time	S	I	R	N	Fired Reaction
0.0	46.0	181.0	83.0	310.0	 0
0.00279885307287	45.0	182.0	83.0	310.0	 1
0.00446182519305	44.0	183.0	83.0	310.0	 1
0.00497375304743	44.0	182.0	84.0	310.0	 2
0.00892477048253	43.0	183.0	84.0	310.0	 1
0.00968684287595	43.0	182.0	85.0	310.0	 2
0.0105102472834	43.0	181.0	86.0	310.0	 2
0.0147924325414	42.0	182.0	86.0	310.0	 1
0.0158780284117	42.0	181.0	87.0	310.0	 2
0.0177239602052	42.0	180.0	88.0	310.0	 2
0.0195708694314	41.0	181.0	88.0	310.0	 1
0.0199999779967	40.0	182.0	88.0	310.0	 1
0.0271086094269	39.0	183.0	88.0	310.0	 1
0.0280492611322	39.0	182.0	89.0	310.0	 2
0.0295908593259	38.0	183.0	89.0	310.0	 1
0.0309790192767	37.0	184.0	89.0	310.0	 1
0.0326714211799	36.0	185.0	89.0	310.0	 1
0.0335056257163	35.0	186.0	89.0	310.0	 1
0.0380163989875	34.0	187.0	89.0	310.0	 1
0.040281046768	34.0	186.0	90.0	310.0	 2
0.0416375332612	33.0	187.0	90.0	310.0	 1
0.0438524771934	33.0	186.0	91.0	310.0	 2
0.0449862968388	32.0	187.0	91.0	310.0	 1
0.045330450032	31.0	188.0	91.0	310.0	 1
0.0454986392322	31.0	187.0	92.0	310.0	 2
0.0512137298487	31.0	186.0	93.0	310.0	 2
0.0526548223101	31.0	185.0	94.0	310.0	 2
0.0656442004073	30.0	186.0	94.0	310.0	 1
0.0713282858521	29.0	187.0	94.0	310.0	 1
0.0726902486058	29.0	186.0	95.0	310.0	 2
0.0799925145372	28.0	187.0	95.0	310.0	 1
0.0802065614693	28.0	186.0	96.0	310.0	 2
0.0810754684561	27.0	187.0	96.0	310.0	 1
0.0832699648734	26.0	188.0	96.0	310.0	 1
0.0890554193418	26.0	187.0	97.0	310.0	 2
0.0913081116257	25.0	188.0	97.0	310.0	 1
0.0929811743539	25.0	187.0	98.0	310.0	 2
0.105461749881	25.0	186.0	99.0	310.0	 2
0.107955689366	25.0	185.0	100.0	310.0	 2
0.110509998703	24.0	186.0	100.0	310.0	 1
0.115027899142	24.0	185.0	101.0	310.0	 2
0.120446564007	24.0	184.0	102.0	310.0	 2
0.120566655768	24.0	183.0	103.0	310.0	 2
0.120621571247	24.0	182.0	104.0	310.0	 2
0.122491404845	23.0	183.0	104.0	310.0	 1
0.12397902418	22.0	184.0	104.0	310.0	 1
0.125078211884	21.0	185.0	104.0	310.0	 1
0.128488175179	21.0	184.0	105.0	310.0	 2
0.128635168781	21.0	183.0	106.0	310.0	 2
0.136148800546	20.0	184.0	106.0	310.0	 1
0.13646160689	19.0	185.0	106.0	310.0	 1
0.142175700555	19.0	184.0	107.0	310.0	 2
0.149316830304	18.0	185.0	107.0	310.0	 1
0.149328463861	18.0	184.0	108.0	310.0	 2
0.151212558619	18.0	183.0	109.0	310.0	 2
0.151751958934	18.0	182.0	110.0	310.0	 2
0.152578237566	17.0	183.0	110.0	310.0	 1
0.152813953024	16.0	184.0	110.0	310.0	 1
0.153619394304	16.0	183.0	111.0	310.0	 2
0.156260817879	15.0	184.0	111.0	310.0	 1
0.158550413503	15.0	183.0	112.0	310.0	 2
0.16281683638	14.0	184.0	112.0	310.0	 1
0.165764566462	13.0	185.0	112.0	310.0	 1
0.16899358531	13.0	184.0	113.0	310.0	 2
0.170220853306	13.0	183.0	114.0	310.0	 2
0.180781957624	12.0	184.0	114.0	310.0	 1
0.181719539615	12.0	183.0	115.0	310.0	 2
0.1865436174	12.0	182.0	116.0	310.0	 2
0.193326332015	12.0	181.0	117.0	310.0	 2
0.201613521477	12.0	180.0	118.0	310.0	 2
0.20243217061	12.0	179.0	119.0	310.0	 2
0.203849743969	12.0	178.0	120.0	310.0	 2
0.205673403335	12.0	177.0	121.0	310.0	 2
0.216070029836	11.0	178.0	121.0	310.0	 1
0.222551009265	11.0	177.0	122.0	310.0	 2
0.222644191036	10.0	178.0	122.0	310.0	 1
0.226533478559	10.0	177.0	123.0	310.0	 2
0.234498793526	9.0	178.0	123.0	310.0	 1
0.241723705476	9.0	177.0	124.0	310.0	 2
0.249495693325	9.0	176.0	125.0	310.0	 2
0.251550066923	8.0	177.0	125.0	310.0	 1
0.254327257509	8.0	176.0	126.0	310.0	 2
0.2546540104	7.0	177.0	126.0	310.0	 1
0.275607076823	7.0	176.0	127.0	310.0	 2
0.276164884617	7.0	175.0	128.0	310.0	 2
0.281802016695	7.0	174.0	129.0	310.0	 2
0.289856018171	7.0	173.0	130.0	310.0	 2
0.291701367994	7.0	172.0	131.0	310.0	 2
0.310460463662	7.0	171.0	132.0	310.0	 2
0.315265638639	7.0	170.0	133.0	310.0	 2
0.317380822209	7.0	169.0	134.0	310.0	 2
0.318171562421	6.0	170.0	134.0	310.0	 1
0.320201898845	6.0	169.0	135.0	310.0	 2
0.322291334518	6.0	168.0	136.0	310.0	 2
0.323542087366	6.0	167.0	137.0	310.0	 2
0.32506576012	6.0	166.0	138.0	310.0	 2
0.327294765001	6.0	165.0	139.0	310.0	 2
0.3278133221	6.0	164.0	140.0	310.0	 2
0.328544440672	6.0	163.0	141.0	310.0	 2
0.329107172063	6.0	162.0	142.0	310.0	 2
0.331308184451	6.0	161.0	143.0	310.0	 2
0.33721591602	6.0	160.0	144.0	310.0	 2
0.337888416795	6.0	159.0	145.0	310.0	 2
0.338466158786	6.0	158.0	146.0	310.0	 2
0.344593646554	6.0	157.0	147.0	310.0	 2
0.345832784298	6.0	156.0	148.0	310.0	 2
0.349910660707	6.0	155.0	149.0	310.0	 2
0.350546386208	5.0	156.0	149.0	310.0	 1
0.35301066529	5.0	155.0	150.0	310.0	 2
0.355341301309	5.0	154.0	151.0	310.0	 2
0.361533940017	5.0	153.0	152.0	310.0	 2
0.362666237676	5.0	152.0	153.0	310.0	 2
0.373114047832	5.0	151.0	154.0	310.0	 2
0.383563532913	4.0	152.0	154.0	310.0	 1
0.384837847767	4.0	151.0	155.0	310.0	 2
0.38944627433	4.0	150.0	156.0	310.0	 2
0.406277304614	4.0	149.0	157.0	310.0	 2
0.410463740394	4.0	148.0	158.0	310.0	 2
0.416582627594	4.0	147.0	159.0	310.0	 2
0.417319307421	4.0	146.0	160.0	310.0	 2
0.422332483024	4.0	145.0	161.0	310.0	 2
0.422423588727	4.0	144.0	162.0	310.0	 2
0.429328278228	4.0	143.0	163.0	310.0	 2
0.433135069655	4.0	142.0	164.0	310.0	 2
0.445175141163	4.0	141.0	165.0	310.0	 2
0.446335173225	4.0	140.0	166.0	310.0	 2
0.451234092875	4.0	139.0	167.0	310.0	 2
0.452236692248	4.0	138.0	168.0	310.0	 2
0.454545454545	4.0	138.0	168.0	310.0	 0
