# reactions: 2
Time	S	I	R	N	Fired Reaction
0.0	46.0	181.0	83.0	310.0	 0
0.00237435895119	45.0	182.0	83.0	310.0	 1
0.00317313639523	45.0	181.0	84.0	310.0	 2
0.00381092110781	45.0	180.0	85.0	310.0	 2
0.00503127554528	44.0	181.0	85.0	310.0	 1
0.0077717830736	43.0	182.0	85.0	310.0	 1
0.00782391333546	43.0	181.0	86.0	310.0	 2
0.00896330645276	42.0	182.0	86.0	310.0	 1
0.0094392529064	41.0	183.0	86.0	310.0	 1
0.0127355127267	41.0	182.0	87.0	310.0	 2
0.0197348677872	40.0	183.0	87.0	310.0	 1
0.0208216360301	40.0	182.0	88.0	310.0	 2
0.0253491771313	39.0	183.0	88.0	310.0	 1
0.0254192258826	39.0	182.0	89.0	310.0	 2
0.0272549559884	38.0	183.0	89.0	310.0	 1
0.0351822067653	38.0	182.0	90.0	310.0	 2
0.0404424011054	38.0	181.0	91.0	310.0	 2
0.0416591360878	37.0	182.0	91.0	310.0	 1
0.0435074360677	37.0	181.0	92.0	310.0	 2
0.0520817496848	36.0	182.0	92.0	310.0	 1
0.0532823426542	35.0	183.0	92.0	310.0	 1
0.0539652101657	34.0	184.0	92.0	310.0	 1
0.0542177239078	34.0	183.0	93.0	310.0	 2
0.0568499888823	33.0	184.0	93.0	310.0	 1
0.0600749512287	32.0	185.0	93.0	310.0	 1
0.0608648685441	31.0	186.0	93.0	310.0	 1
0.0632899389992	31.0	185.0	94.0	310.0	 2
0.0663131517735	30.0	186.0	94.0	310.0	 1
0.076746624001	29.0	187.0	94.0	310.0	 1
0.0790179273203	29.0	186.0	95.0	310.0	 2
0.0823740908913	29.0	185.0	96.0	310.0	 2
0.0872053609632	29.0	184.0	97.0	310.0	 2
0.0902455388156	28.0	185.0	97.0	310.0	 1
0.090283185303	27.0	186.0	97.0	310.0	 1
0.090750700113	27.0	185.0	98.0	310.0	 2
0.097365594131	27.0	184.0	99.0	310.0	 2
0.0976306861965	27.0	183.0	100.0	310.0	 2
0.0991635526251	27.0	182.0	101.0	310.0	 2
0.109678432054	26.0	183.0	101.0	310.0	 1
0.112195434857	26.0	182.0	102.0	310.0	 2
0.117395401769	26.0	181.0	103.0	310.0	 2
0.124753381785	26.0	180.0	104.0	310.0	 2
0.125365479239	26.0	179.0	105.0	310.0	 2
0.127809414812	25.0	180.0	105.0	310.0	 1
0.135708681987	24.0	181.0	105.0	310.0	 1
0.136028488991	24.0	180.0	106.0	310.0	 2
0.136640818106	23.0	181.0	106.0	310.0	 1
0.137814685595	23.0	180.0	107.0	310.0	 2
0.141741138382	22.0	181.0	107.0	310.0	 1
0.144812378268	22.0	180.0	108.0	310.0	 2
0.146961703853	21.0	181.0	108.0	310.0	 1
0.148483208462	21.0	180.0	109.0	310.0	 2
0.149347080617	21.0	179.0	110.0	310.0	 2
0.153747282418	21.0	178.0	111.0	310.0	 2
0.15883313102	20.0	179.0	111.0	310.0	 1
0.164342857979	20.0	178.0	112.0	310.0	 2
0.175900818023	20.0	177.0	113.0	310.0	 2
0.183246439265	20.0	176.0	114.0	310.0	 2
0.186834278075	19.0	177.0	114.0	310.0	 1
0.1872844199	18.0	178.0	114.0	310.0	 1
0.199222683564	17.0	179.0	114.0	310.0	 1
0.201596829242	17.0	178.0	115.0	310.0	 2
0.20488132681	17.0	177.0	116.0	310.0	 2
0.218278115931	16.0	178.0	116.0	310.0	 1
0.21879099702	16.0	177.0	117.0	310.0	 2
0.224738431452	15.0	178.0	117.0	310.0	 1
0.227515108979	14.0	179.0	117.0	310.0	 1
0.227662888887	14.0	178.0	118.0	310.0	 2
0.22954888337	13.0	179.0	118.0	310.0	 1
0.236055144004	13.0	178.0	119.0	310.0	 2
0.237856423509	13.0	177.0	120.0	310.0	 2
0.24107492878	13.0	176.0	121.0	310.0	 2
0.24316658699	13.0	175.0	122.0	310.0	 2
0.243611711386	13.0	174.0	123.0	310.0	 2
0.245708469394	13.0	173.0	124.0	310.0	 2
0.246278529302	13.0	172.0	125.0	310.0	 2
0.252625037482	13.0	171.0	126.0	310.0	 2
0.254233158871	13.0	170.0	127.0	310.0	 2
0.255624701133	12.0	171.0	127.0	310.0	 1
0.260191854141	12.0	170.0	128.0	310.0	 2
0.262847460008	12.0	169.0	129.0	310.0	 2
0.268559574131	12.0	168.0	130.0	310.0	 2
0.283031585155	12.0	167.0	131.0	310.0	 2
0.28513859948	12.0	166.0	132.0	310.0	 2
0.285656834944	12.0	165.0	133.0	310.0	 2
0.28737020657	12.0	164.0	134.0	310.0	 2
0.288184568086	12.0	163.0	135.0	310.0	 2
0.290519590863	12.0	162.0	136.0	310.0	 2
0.29157305996	12.0	161.0	137.0	310.0	 2
0.297261521147	12.0	160.0	138.0	310.0	 2
0.302836056704	11.0	161.0	138.0	310.0	 1
0.309342227814	10.0	162.0	138.0	310.0	 1
0.319686754685	10.0	161.0	139.0	310.0	 2
0.320942110117	10.0	160.0	140.0	310.0	 2
0.321491793035	10.0	159.0	141.0	310.0	 2
0.328343428308	10.0	158.0	142.0	310.0	 2
0.329954935802	9.0	159.0	142.0	310.0	 1
0.330701616339	9.0	158.0	143.0	310.0	 2
0.340270303555	8.0	159.0	143.0	310.0	 1
0.351666871627	7.0	160.0	143.0	310.0	 1
0.360459498293	7.0	159.0	144.0	310.0	 2
0.364064434017	7.0	158.0	145.0	310.0	 2
0.364255053651	7.0	157.0	146.0	310.0	 2
0.377884918392	7.0	156.0	147.0	310.0	 2
0.396134466038	6.0	157.0	147.0	310.0	 1
0.396920050827	6.0	156.0	148.0	310.0	 2
0.402999327612	5.0	157.0	148.0	310.0	 1
0.40705852665	5.0	156.0	149.0	310.0	 2
0.411812619837	4.0	157.0	149.0	310.0	 1
0.413939202888	4.0	156.0	150.0	310.0	 2
0.415057105996	4.0	155.0	151.0	310.0	 2
0.417250750318	4.0	154.0	152.0	310.0	 2
0.423584156468	4.0	153.0	153.0	310.0	 2
0.440960828174	4.0	152.0	154.0	310.0	 2
0.445804964092	4.0	151.0	155.0	310.0	 2
0.446064468764	4.0	150.0	156.0	310.0	 2
0.448429805605	4.0	149.0	157.0	310.0	 2
0.454545454545	4.0	149.0	157.0	310.0	 0
