# reactions: 2
Time	S	I	R	N	Fired Reaction
0.0	46.0	181.0	83.0	310.0	 0
0.00166612190644	45.0	182.0	83.0	310.0	 1
0.00636218206594	44.0	183.0	83.0	310.0	 1
0.0135834047242	44.0	182.0	84.0	310.0	 2
0.0162601802591	43.0	183.0	84.0	310.0	 1
0.0180295144601	42.0	184.0	84.0	310.0	 1
0.0203522471706	41.0	185.0	84.0	310.0	 1
0.0235814634129	40.0	186.0	84.0	310.0	 1
0.0263307774075	40.0	185.0	85.0	310.0	 2
0.0266183089045	39.0	186.0	85.0	310.0	 1
0.0303076808292	39.0	185.0	86.0	310.0	 2
0.0318624685621	39.0	184.0	87.0	310.0	 2
0.0321388167101	38.0	185.0	87.0	310.0	 1
0.0326441986916	38.0	184.0	88.0	310.0	 2
0.0329529196627	38.0	183.0	89.0	310.0	 2
0.0336694256405	38.0	182.0	90.0	310.0	 2
0.0337970099696	37.0	183.0	90.0	310.0	 1
0.0339720334086	36.0	184.0	90.0	310.0	 1
0.0410002503549	35.0	185.0	90.0	310.0	 1
0.0481062878202	34.0	186.0	90.0	310.0	 1
0.0513363326721	34.0	185.0	91.0	310.0	 2
0.0547281060558	33.0	186.0	91.0	310.0	 1
0.0555291088769	33.0	185.0	92.0	310.0	 2
0.0558731710907	33.0	184.0	93.0	310.0	 2
0.0598792116952	33.0	183.0	94.0	310.0	 2
0.0677163090412	32.0	184.0	94.0	310.0	 1
0.0691410986472	32.0	183.0	95.0	310.0	 2
0.0713904612476	32.0	182.0	96.0	310.0	 2
0.0731025174549	31.0	183.0	96.0	310.0	 1
0.0759151057901	30.0	184.0	96.0	310.0	 1
0.079390836203	30.0	183.0	97.0	310.0	 2
0.0836709588806	30.0	182.0	98.0	310.0	 2
0.0939289563005	30.0	181.0	99.0	310.0	 2
0.094526499279	30.0	180.0	100.0	310.0	 2
0.103809712684	30.0	179.0	101.0	310.0	 2
0.105473843339	30.0	178.0	102.0	310.0	 2
0.106026763279	30.0	177.0	103.0	310.0	 2
0.110890418317	30.0	176.0	104.0	310.0	 2
0.113840547736	29.0	177.0	104.0	310.0	 1
0.114251791503	29.0	176.0	105.0	310.0	 2
0.123491007925	29.0	175.0	106.0	310.0	 2
0.13092584087	29.0	174.0	107.0	310.0	 2
0.132765626835	28.0	175.0	107.0	310.0	 1
0.138037887704	28.0	174.0	108.0	310.0	 2
0.138334606252	28.0	173.0	109.0	310.0	 2
0.147178466955	27.0	174.0	109.0	310.0	 1
0.150633771658	26.0	175.0	109.0	310.0	 1
0.151146378689	26.0	174.0	110.0	310.0	 2
0.158405655984	26.0	173.0	111.0	310.0	 2
0.1585711415	25.0	174.0	111.0	310.0	 1
0.16671609415	25.0	173.0	112.0	310.0	 2
0.180134272813	25.0	172.0	113.0	310.0	 2
0.180221392011	25.0	171.0	114.0	310.0	 2
0.18069955952	24.0	172.0	114.0	310.0	 1
0.18174783412	24.0	171.0	115.0	310.0	 2
0.183220704975	24.0	170.0	116.0	310.0	 2
0.191136953523	24.0	169.0	117.0	310.0	 2
0.19586293787	24.0	168.0	118.0	310.0	 2
0.19915256773	23.0	169.0	118.0	310.0	 1
0.207607111374	22.0	170.0	118.0	310.0	 1
0.207689861372	22.0	169.0	119.0	310.0	 2
0.208506621678	22.0	168.0	120.0	310.0	 2
0.210987917554	22.0	167.0	121.0	310.0	 2
0.212269003293	22.0	166.0	122.0	310.0	 2
0.215125387883	21.0	167.0	122.0	310.0	 1
0.220588630913	20.0	168.0	122.0	310.0	 1
0.224308633875	19.0	169.0	122.0	310.0	 1
0.226407241627	18.0	170.0	122.0	310.0	 1
0.227213379857	18.0	169.0	123.0	310.0	 2
0.229440945089	18.0	168.0	124.0	310.0	 2
0.233338456691	17.0	169.0	124.0	310.0	 1
0.241396815058	17.0	168.0	125.0	310.0	 2
0.242531042943	17.0	167.0	126.0	310.0	 2
0.252686261855	17.0	166.0	127.0	310.0	 2
0.25496644952	17.0	165.0	128.0	310.0	 2
0.255605000773	16.0	166.0	128.0	310.0	 1
0.258439179904	15.0	167.0	128.0	310.0	 1
0.261487664331	15.0	166.0	129.0	310.0	 2
0.267821518427	15.0	165.0	130.0	310.0	 2
0.279080324276	14.0	166.0	130.0	310.0	 1
0.285778950856	14.0	165.0	131.0	310.0	 2
0.285791014028	14.0	164.0	132.0	310.0	 2
0.28998476753	13.0	165.0	132.0	310.0	 1
0.29006215236	12.0	166.0	132.0	310.0	 1
0.29204819318	12.0	165.0	133.0	310.0	 2
0.293004468598	11.0	166.0	133.0	310.0	 1
0.297761505216	11.0	165.0	134.0	310.0	 2
0.298698799179	11.0	164.0	135.0	310.0	 2
0.301444493409	11.0	163.0	136.0	310.0	 2
0.304745888459	11.0	162.0	137.0	310.0	 2
0.305613538095	11.0	161.0	138.0	310.0	 2
0.307184596142	11.0	160.0	139.0	310.0	 2
0.307380697641	11.0	159.0	140.0	310.0	 2
0.310292308442	11.0	158.0	141.0	310.0	 2
0.311873974499	11.0	157.0	142.0	310.0	 2
0.317484408406	11.0	156.0	143.0	310.0	 2
0.323158331977	11.0	155.0	144.0	310.0	 2
0.324322208937	10.0	156.0	144.0	310.0	 1
0.333735966079	10.0	155.0	145.0	310.0	 2
0.334931783196	10.0	154.0	146.0	310.0	 2
0.336301885266	10.0	153.0	147.0	310.0	 2
0.336608685618	9.0	154.0	147.0	310.0	 1
0.343721554659	9.0	153.0	148.0	310.0	 2
0.347594572166	9.0	152.0	149.0	310.0	 2
0.350018036205	9.0	151.0	150.0	310.0	 2
0.351145458079	9.0	150.0	151.0	310.0	 2
0.355684411573	9.0	149.0	152.0	310.0	 2
0.36116236499	9.0	148.0	153.0	310.0	 2
0.373132816112	9.0	147.0	154.0	310.0	 2
0.37564668379	9.0	146.0	155.0	310.0	 2
0.377692405878	9.0	145.0	156.0	310.0	 2
0.388313920172	9.0	144.0	157.0	310.0	 2
0.391327568595	9.0	143.0	158.0	310.0	 2
0.398448252833	9.0	142.0	159.0	310.0	 2
0.401703348106	9.0	141.0	160.0	310.0	 2
0.407408232528	9.0	140.0	161.0	310.0	 2
0.412266996749	9.0	139.0	162.0	310.0	 2
0.429473092215	9.0	138.0	163.0	310.0	 2
0.435335207954	9.0	137.0	164.0	310.0	 2
0.43967864159	8.0	138.0	164.0	310.0	 1
0.454545454545	8.0	138.0	164.0	310.0	 0
