# reactions: 2
Time	S	I	R	N	Fired Reaction
0.0	46.0	181.0	83.0	310.0	 0
0.00815082110481	45.0	182.0	83.0	310.0	 1
0.0140364456757	44.0	183.0	83.0	310.0	 1
0.0174022145671	43.0	184.0	83.0	310.0	 1
0.0183474050953	42.0	185.0	83.0	310.0	 1
0.01981589812	42.0	184.0	84.0	310.0	 2
0.0227856403466	42.0	183.0	85.0	310.0	 2
0.0230618825548	42.0	182.0	86.0	310.0	 2
0.023404027013	41.0	183.0	86.0	310.0	 1
0.0234624907823	41.0	182.0	87.0	310.0	 2
0.0247978184019	40.0	183.0	87.0	310.0	 1
0.0256974244054	39.0	184.0	87.0	310.0	 1
0.031046098389	39.0	183.0	88.0	310.0	 2
0.0338561999184	38.0	184.0	88.0	310.0	 1
0.0375672886254	38.0	183.0	89.0	310.0	 2
0.0380393637235	38.0	182.0	90.0	310.0	 2
0.0382708577852	37.0	183.0	90.0	310.0	 1
0.0403292991182	37.0	182.0	91.0	310.0	 2
0.0430864756518	36.0	183.0	91.0	310.0	 1
0.0455994846694	36.0	182.0	92.0	310.0	 2
0.0478134424718	36.0	181.0	93.0	310.0	 2
0.0529807145515	36.0	180.0	94.0	310.0	 2
0.0591593974453	36.0	179.0	95.0	310.0	 2
0.0597698371352	36.0	178.0	96.0	310.0	 2
0.0607727019796	35.0	179.0	96.0	310.0	 1
0.0614665847493	35.0	178.0	97.0	310.0	 2
0.0621334287942	35.0	177.0	98.0	310.0	 2
0.0626900772349	34.0	178.0	98.0	310.0	 1
0.0629949847306	34.0	177.0	99.0	310.0	 2
0.0634331998827	33.0	178.0	99.0	310.0	 1
0.0661070702615	33.0	177.0	100.0	310.0	 2
0.0667828672299	32.0	178.0	100.0	310.0	 1
0.0677256753181	32.0	177.0	101.0	310.0	 2
0.0687560052507	31.0	178.0	101.0	310.0	 1
0.0697048028747	31.0	177.0	102.0	310.0	 2
0.0763652314981	30.0	178.0	102.0	310.0	 1
0.0824344934199	29.0	179.0	102.0	310.0	 1
0.0829192428171	28.0	180.0	102.0	310.0	 1
0.0902561820117	28.0	179.0	103.0	310.0	 2
0.092941974313	28.0	178.0	104.0	310.0	 2
0.0936370348974	28.0	177.0	105.0	310.0	 2
0.094725439267	28.0	176.0	106.0	310.0	 2
0.0962263676581	27.0	177.0	106.0	310.0	 1
0.0967297573041	27.0	176.0	107.0	310.0	 2
0.0982106940603	27.0	175.0	108.0	310.0	 2
0.0983668590987	27.0	174.0	109.0	310.0	 2
0.120859526744	26.0	175.0	109.0	310.0	 1
0.128027967076	25.0	176.0	109.0	310.0	 1
0.134901321802	25.0	175.0	110.0	310.0	 2
0.13637686593	24.0	176.0	110.0	310.0	 1
0.137789709733	24.0	175.0	111.0	310.0	 2
0.14472009732	23.0	176.0	111.0	310.0	 1
0.146600740106	23.0	175.0	112.0	310.0	 2
0.148120401529	23.0	174.0	113.0	310.0	 2
0.152121115094	23.0	173.0	114.0	310.0	 2
0.161555062642	22.0	174.0	114.0	310.0	 1
0.163530653116	22.0	173.0	115.0	310.0	 2
0.164807523278	22.0	172.0	116.0	310.0	 2
0.165925183434	21.0	173.0	116.0	310.0	 1
0.17372342894	20.0	174.0	116.0	310.0	 1
0.177963039262	20.0	173.0	117.0	310.0	 2
0.178806347879	20.0	172.0	118.0	310.0	 2
0.183174713299	20.0	171.0	119.0	310.0	 2
0.184852565748	20.0	170.0	120.0	310.0	 2
0.192967092144	19.0	171.0	120.0	310.0	 1
0.196307067182	19.0	170.0	121.0	310.0	 2
0.202386323811	18.0	171.0	121.0	310.0	 1
0.206388239926	18.0	170.0	122.0	310.0	 2
0.207748476188	18.0	169.0	123.0	310.0	 2
0.208975835003	18.0	168.0	124.0	310.0	 2
0.216581574294	18.0	167.0	125.0	310.0	 2
0.216721518983	17.0	168.0	125.0	310.0	 1
0.220615223379	17.0	167.0	126.0	310.0	 2
0.226342236831	17.0	166.0	127.0	310.0	 2
0.227396815878	17.0	165.0	128.0	310.0	 2
0.239971062117	16.0	166.0	128.0	310.0	 1
0.249598016805	15.0	167.0	128.0	310.0	 1
0.258068028196	15.0	166.0	129.0	310.0	 2
0.258123487474	15.0	165.0	130.0	310.0	 2
0.259938572296	15.0	164.0	131.0	310.0	 2
0.261943973676	15.0	163.0	132.0	310.0	 2
0.265226653046	15.0	162.0	133.0	310.0	 2
0.266798294923	15.0	161.0	134.0	310.0	 2
0.269908059588	14.0	162.0	134.0	310.0	 1
0.270365752341	14.0	161.0	135.0	310.0	 2
0.278441874412	13.0	162.0	135.0	310.0	 1
0.291781871204	13.0	161.0	136.0	310.0	 2
0.300165047588	12.0	162.0	136.0	310.0	 1
0.304782297816	12.0	161.0	137.0	310.0	 2
0.306891054814	12.0	160.0	138.0	310.0	 2
0.308538547385	12.0	159.0	139.0	310.0	 2
0.313097200812	12.0	158.0	140.0	310.0	 2
0.320405826887	12.0	157.0	141.0	310.0	 2
0.326877734883	12.0	156.0	142.0	310.0	 2
0.328716792367	12.0	155.0	143.0	310.0	 2
0.328863034318	11.0	156.0	143.0	310.0	 1
0.330597031772	11.0	155.0	144.0	310.0	 2
0.331961975121	10.0	156.0	144.0	310.0	 1
0.338890412464	10.0	155.0	145.0	310.0	 2
0.340812127201	10.0	154.0	146.0	310.0	 2
0.343217282672	10.0	153.0	147.0	310.0	 2
0.343851788746	10.0	152.0	148.0	310.0	 2
0.354584620519	10.0	151.0	149.0	310.0	 2
0.358435778291	10.0	150.0	150.0	310.0	 2
0.363216390242	10.0	149.0	151.0	310.0	 2
0.365645325108	10.0	148.0	152.0	310.0	 2
0.380497485362	10.0	147.0	153.0	310.0	 2
0.38079976944	9.0	148.0	153.0	310.0	 1
0.388272048799	9.0	147.0	154.0	310.0	 2
0.388997161776	9.0	146.0	155.0	310.0	 2
0.395063959537	8.0	147.0	155.0	310.0	 1
0.399077179977	7.0	148.0	155.0	310.0	 1
0.407418802351	7.0	147.0	156.0	310.0	 2
0.407668739222	7.0	146.0	157.0	310.0	 2
0.41119106539	7.0	145.0	158.0	310.0	 2
0.4194763335	7.0	144.0	159.0	310.0	 2
0.424246968215	6.0	145.0	159.0	310.0	 1
0.427864209935	6.0	144.0	160.0	310.0	 2
0.432573048206	6.0	143.0	161.0	310.0	 2
0.432860856094	6.0	142.0	162.0	310.0	 2
0.437737446064	6.0	141.0	163.0	310.0	 2
0.438077420513	6.0	140.0	164.0	310.0	 2
0.448012228761	6.0	139.0	165.0	310.0	 2
0.454545454545	6.0	139.0	165.0	310.0	 0
