# reactions: 2
Time	S	I	R	N	Fired Reaction
0.0	46.0	181.0	83.0	310.0	 0
0.00144837653401	46.0	180.0	84.0	310.0	 2
0.00527735047811	45.0	181.0	84.0	310.0	 1
0.00773960592282	45.0	180.0	85.0	310.0	 2
0.0127285045049	44.0	181.0	85.0	310.0	 1
0.0129013314451	43.0	182.0	85.0	310.0	 1
0.0198722806932	42.0	183.0	85.0	310.0	 1
0.0280077704403	41.0	184.0	85.0	310.0	 1
0.0296714228302	40.0	185.0	85.0	310.0	 1
0.0314772834776	40.0	184.0	86.0	310.0	 2
0.0325098871649	40.0	183.0	87.0	310.0	 2
0.032660655469	39.0	184.0	87.0	310.0	 1
0.0342082602632	39.0	183.0	88.0	310.0	 2
0.0369892828473	39.0	182.0	89.0	310.0	 2
0.0445248601536	39.0	181.0	90.0	310.0	 2
0.0454520470099	38.0	182.0	90.0	310.0	 1
0.051344266277	38.0	181.0	91.0	310.0	 2
0.0516669267989	38.0	180.0	92.0	310.0	 2
0.0525224551214	38.0	179.0	93.0	310.0	 2
0.0525587541762	38.0	178.0	94.0	310.0	 2
0.053354025871	37.0	179.0	94.0	310.0	 1
0.0576604723207	37.0	178.0	95.0	310.0	 2
0.0600382274211	36.0	179.0	95.0	310.0	 1
0.0604972918236	36.0	178.0	96.0	310.0	 2
0.0626321267652	36.0	177.0	97.0	310.0	 2
0.0626686490579	35.0	178.0	97.0	310.0	 1
0.0648002732243	35.0	177.0	98.0	310.0	 2
0.0651179460115	35.0	176.0	99.0	310.0	 2
0.0652375570042	35.0	175.0	100.0	310.0	 2
0.0723299354486	35.0	174.0	101.0	310.0	 2
0.0740450317647	34.0	175.0	101.0	310.0	 1
0.0750027061458	33.0	176.0	101.0	310.0	 1
0.0753682239277	32.0	177.0	101.0	310.0	 1
0.0760074766591	31.0	178.0	101.0	310.0	 1
0.0831707485174	31.0	177.0	102.0	310.0	 2
0.0853486071587	31.0	176.0	103.0	310.0	 2
0.0863811208098	30.0	177.0	103.0	310.0	 1
0.0890822722754	29.0	178.0	103.0	310.0	 1
0.0912853542534	29.0	177.0	104.0	310.0	 2
0.0927829967816	29.0	176.0	105.0	310.0	 2
0.0970970649145	28.0	177.0	105.0	310.0	 1
0.108680722773	28.0	176.0	106.0	310.0	 2
0.110811125636	28.0	175.0	107.0	310.0	 2
0.11173162159	28.0	174.0	108.0	310.0	 2
0.112966716825	28.0	173.0	109.0	310.0	 2
0.115136085344	27.0	174.0	109.0	310.0	 1
0.122579260436	27.0	173.0	110.0	310.0	 2
0.125086004482	26.0	174.0	110.0	310.0	 1
0.125221186285	26.0	173.0	111.0	310.0	 2
0.127486871489	26.0	172.0	112.0	310.0	 2
0.129607202499	26.0	171.0	113.0	310.0	 2
0.13075263758	25.0	172.0	113.0	310.0	 1
0.132906660428	24.0	173.0	113.0	310.0	 1
0.134114485971	24.0	172.0	114.0	310.0	 2
0.134888711961	24.0	171.0	115.0	310.0	 2
0.136701646601	23.0	172.0	115.0	310.0	 1
0.13773437545	22.0	173.0	115.0	310.0	 1
0.142003947131	21.0	174.0	115.0	310.0	 1
0.145583960764	21.0	173.0	116.0	310.0	 2
0.150488970448	20.0	174.0	116.0	310.0	 1
0.1513272342	19.0	175.0	116.0	310.0	 1
0.151548653907	18.0	176.0	116.0	310.0	 1
0.153911285925	18.0	175.0	117.0	310.0	 2
0.157490056426	18.0	174.0	118.0	310.0	 2
0.163462406311	18.0	173.0	119.0	310.0	 2
0.168236654125	18.0	172.0	120.0	310.0	 2
0.168967672518	18.0	171.0	121.0	310.0	 2
0.171022609176	18.0	170.0	122.0	310.0	 2
0.171043012624	18.0	169.0	123.0	310.0	 2
0.171725731068	18.0	168.0	124.0	310.0	 2
0.173571381226	18.0	167.0	125.0	310.0	 2
0.181172229596	17.0	168.0	125.0	310.0	 1
0.199981591688	17.0	167.0	126.0	310.0	 2
0.200224108061	16.0	168.0	126.0	310.0	 1
0.21272679534	16.0	167.0	127.0	310.0	 2
0.213857801978	16.0	166.0	128.0	310.0	 2
0.215802087307	16.0	165.0	129.0	310.0	 2
0.219160659883	15.0	166.0	129.0	310.0	 1
0.220303528918	15.0	165.0	130.0	310.0	 2
0.224330805731	15.0	164.0	131.0	310.0	 2
0.230479194819	14.0	165.0	131.0	310.0	 1
0.237744851098	13.0	166.0	131.0	310.0	 1
0.238962129984	13.0	165.0	132.0	310.0	 2
0.248173108398	12.0	166.0	132.0	310.0	 1
0.250433097555	11.0	167.0	132.0	310.0	 1
0.263468992905	10.0	168.0	132.0	310.0	 1
0.272827822225	9.0	169.0	132.0	310.0	 1
0.273340263352	9.0	168.0	133.0	310.0	 2
0.286927434909	9.0	167.0	134.0	310.0	 2
0.289819290606	9.0	166.0	135.0	310.0	 2
0.290088286208	9.0	165.0	136.0	310.0	 2
0.293515246107	9.0	164.0	137.0	310.0	 2
0.29531418289	8.0	165.0	137.0	310.0	 1
0.305709163068	8.0	164.0	138.0	310.0	 2
0.327271419403	8.0	163.0	139.0	310.0	 2
0.335688870832	8.0	162.0	140.0	310.0	 2
0.338278231294	7.0	163.0	140.0	310.0	 1
0.340026606108	7.0	162.0	141.0	310.0	 2
0.34108425853	6.0	163.0	141.0	310.0	 1
0.345662075142	5.0	164.0	141.0	310.0	 1
0.34628566451	5.0	163.0	142.0	310.0	 2
0.35109336055	5.0	162.0	143.0	310.0	 2
0.355118975184	5.0	161.0	144.0	310.0	 2
0.357848704973	4.0	162.0	144.0	310.0	 1
0.359601577055	4.0	161.0	145.0	310.0	 2
0.362110666096	4.0	160.0	146.0	310.0	 2
0.372734004972	4.0	159.0	147.0	310.0	 2
0.374357022497	4.0	158.0	148.0	310.0	 2
0.375851675019	3.0	159.0	148.0	310.0	 1
0.379774850878	3.0	158.0	149.0	310.0	 2
0.386804561455	3.0	157.0	150.0	310.0	 2
0.391060412003	2.0	158.0	150.0	310.0	 1
0.401044167103	2.0	157.0	151.0	310.0	 2
0.401385053532	2.0	156.0	152.0	310.0	 2
0.401770839469	2.0	155.0	153.0	310.0	 2
0.405513480224	2.0	154.0	154.0	310.0	 2
0.409448862569	2.0	153.0	155.0	310.0	 2
0.413628176503	2.0	152.0	156.0	310.0	 2
0.419875219057	1.0	153.0	156.0	310.0	 1
0.428284229235	1.0	152.0	157.0	310.0	 2
0.442072662993	1.0	151.0	158.0	310.0	 2
0.44583696894	1.0	150.0	159.0	310.0	 2
0.44760405956	1.0	149.0	160.0	310.0	 2
0.454545454545	1.0	149.0	160.0	310.0	 0
