# reactions: 2
Time	S	I	R	N	Fired Reaction
0.0	46.0	181.0	83.0	310.0	 0
0.00441630379628	45.0	182.0	83.0	310.0	 1
0.0110633668654	44.0	183.0	83.0	310.0	 1
0.0121405331868	44.0	182.0	84.0	310.0	 2
0.0133930425126	44.0	181.0	85.0	310.0	 2
0.0145646803253	44.0	180.0	86.0	310.0	 2
0.0154508467308	43.0	181.0	86.0	310.0	 1
0.0184382940943	43.0	180.0	87.0	310.0	 2
0.019219331899	43.0	179.0	88.0	310.0	 2
0.0220300054578	42.0	180.0	88.0	310.0	 1
0.025833955659	41.0	181.0	88.0	310.0	 1
0.0311934673085	41.0	180.0	89.0	310.0	 2
0.0336949808464	41.0	179.0	90.0	310.0	 2
0.0372078221012	41.0	178.0	91.0	310.0	 2
0.0386662278356	40.0	179.0	91.0	310.0	 1
0.0402178000045	39.0	180.0	91.0	310.0	 1
0.0448232981805	39.0	179.0	92.0	310.0	 2
0.0481982728429	38.0	180.0	92.0	310.0	 1
0.0494692353283	38.0	179.0	93.0	310.0	 2
0.0496979013518	37.0	180.0	93.0	310.0	 1
0.0521075715708	37.0	179.0	94.0	310.0	 2
0.059406460683	37.0	178.0	95.0	310.0	 2
0.0602618956574	36.0	179.0	95.0	310.0	 1
0.0610113782095	36.0	178.0	96.0	310.0	 2
0.0611407502305	36.0	177.0	97.0	310.0	 2
0.0665000543451	36.0	176.0	98.0	310.0	 2
0.0680869199717	35.0	177.0	98.0	310.0	 1
0.069420158208	34.0	178.0	98.0	310.0	 1
0.0722613857598	33.0	179.0	98.0	310.0	 1
0.0743924873898	32.0	180.0	98.0	310.0	 1
0.0805874593455	32.0	179.0	99.0	310.0	 2
0.0846811630143	31.0	180.0	99.0	310.0	 1
0.085775664141	30.0	181.0	99.0	310.0	 1
0.0993612259046	30.0	180.0	100.0	310.0	 2
0.102038203156	30.0	179.0	101.0	310.0	 2
0.102997763552	30.0	178.0	102.0	310.0	 2
0.106445838483	30.0	177.0	103.0	310.0	 2
0.10892293858	29.0	178.0	103.0	310.0	 1
0.110818489194	28.0	179.0	103.0	310.0	 1
0.112422078834	28.0	178.0	104.0	310.0	 2
0.119005795643	27.0	179.0	104.0	310.0	 1
0.125178068751	27.0	178.0	105.0	310.0	 2
0.127257462652	27.0	177.0	106.0	310.0	 2
0.131041403378	27.0	176.0	107.0	310.0	 2
0.132267552396	27.0	175.0	108.0	310.0	 2
0.132796245913	27.0	174.0	109.0	310.0	 2
0.135528947705	26.0	175.0	109.0	310.0	 1
0.139103316287	25.0	176.0	109.0	310.0	 1
0.140118783532	25.0	175.0	110.0	310.0	 2
0.140244806687	25.0	174.0	111.0	310.0	 2
0.141957168863	24.0	175.0	111.0	310.0	 1
0.142081029969	24.0	174.0	112.0	310.0	 2
0.144355527881	23.0	175.0	112.0	310.0	 1
0.146937740388	22.0	176.0	112.0	310.0	 1
0.146947620626	22.0	175.0	113.0	310.0	 2
0.148604705307	22.0	174.0	114.0	310.0	 2
0.155636916309	21.0	175.0	114.0	310.0	 1
0.155850113567	21.0	174.0	115.0	310.0	 2
0.15985024831	21.0	173.0	116.0	310.0	 2
0.170418626916	20.0	174.0	116.0	310.0	 1
0.18113193736	19.0	175.0	116.0	310.0	 1
0.182778662033	19.0	174.0	117.0	310.0	 2
0.183463521174	19.0	173.0	118.0	310.0	 2
0.187118370369	19.0	172.0	119.0	310.0	 2
0.188304349007	19.0	171.0	120.0	310.0	 2
0.188530551004	19.0	170.0	121.0	310.0	 2
0.19947681811	19.0	169.0	122.0	310.0	 2
0.206438170055	19.0	168.0	123.0	310.0	 2
0.209377217517	19.0	167.0	124.0	310.0	 2
0.211948027045	19.0	166.0	125.0	310.0	 2
0.214936963832	18.0	167.0	125.0	310.0	 1
0.216324638002	18.0	166.0	126.0	310.0	 2
0.219990087617	17.0	167.0	126.0	310.0	 1
0.223242839138	16.0	168.0	126.0	310.0	 1
0.225946989082	15.0	169.0	126.0	310.0	 1
0.231411299091	15.0	168.0	127.0	310.0	 2
0.235066163585	15.0	167.0	128.0	310.0	 2
0.239349609871	14.0	168.0	128.0	310.0	 1
0.240855830652	14.0	167.0	129.0	310.0	 2
0.245988047763	13.0	168.0	129.0	310.0	 1
0.246543877254	13.0	167.0	130.0	310.0	 2
0.247354101508	13.0	166.0	131.0	310.0	 2
0.247524594883	13.0	165.0	132.0	310.0	 2
0.250609053702	12.0	166.0	132.0	310.0	 1
0.256850499996	12.0	165.0	133.0	310.0	 2
0.260463598536	12.0	164.0	134.0	310.0	 2
0.281012910468	12.0	163.0	135.0	310.0	 2
0.284564358472	11.0	164.0	135.0	310.0	 1
0.285544757102	11.0	163.0	136.0	310.0	 2
0.292338516888	11.0	162.0	137.0	310.0	 2
0.29643261111	11.0	161.0	138.0	310.0	 2
0.30594463559	11.0	160.0	139.0	310.0	 2
0.312613000995	11.0	159.0	140.0	310.0	 2
0.317114752182	11.0	158.0	141.0	310.0	 2
0.329230797174	11.0	157.0	142.0	310.0	 2
0.33141191951	11.0	156.0	143.0	310.0	 2
0.336014391603	10.0	157.0	143.0	310.0	 1
0.338392795166	10.0	156.0	144.0	310.0	 2
0.340953824566	10.0	155.0	145.0	310.0	 2
0.344706344096	10.0	154.0	146.0	310.0	 2
0.345672602394	10.0	153.0	147.0	310.0	 2
0.35283467596	10.0	152.0	148.0	310.0	 2
0.35359700496	10.0	151.0	149.0	310.0	 2
0.356532085751	10.0	150.0	150.0	310.0	 2
0.363219851305	10.0	149.0	151.0	310.0	 2
0.363279894785	10.0	148.0	152.0	310.0	 2
0.365319214992	9.0	149.0	152.0	310.0	 1
0.381927611821	9.0	148.0	153.0	310.0	 2
0.38862476024	9.0	147.0	154.0	310.0	 2
0.396416907319	9.0	146.0	155.0	310.0	 2
0.405175478389	8.0	147.0	155.0	310.0	 1
0.407434163009	8.0	146.0	156.0	310.0	 2
0.409495218635	8.0	145.0	157.0	310.0	 2
0.448275068363	8.0	144.0	158.0	310.0	 2
0.453012917691	8.0	143.0	159.0	310.0	 2
0.454545454545	8.0	143.0	159.0	310.0	 0
