# reactions: 2
Time	S	I	R	N	Fired Reaction
0.0	46.0	181.0	83.0	310.0	 0
0.00390857145331	45.0	182.0	83.0	310.0	 1
0.00495258258414	44.0	183.0	83.0	310.0	 1
0.00501983062349	44.0	182.0	84.0	310.0	 2
0.00734438817942	44.0	181.0	85.0	310.0	 2
0.00965562625419	43.0	182.0	85.0	310.0	 1
0.0123683651751	42.0	183.0	85.0	310.0	 1
0.0156383009069	42.0	182.0	86.0	310.0	 2
0.0171098484526	42.0	181.0	87.0	310.0	 2
0.0232322960728	42.0	180.0	88.0	310.0	 2
0.0254573474855	41.0	181.0	88.0	310.0	 1
0.0287833583105	40.0	182.0	88.0	310.0	 1
0.0297753563339	40.0	181.0	89.0	310.0	 2
0.0327864557752	40.0	180.0	90.0	310.0	 2
0.0378799166645	39.0	181.0	90.0	310.0	 1
0.0405705966531	39.0	180.0	91.0	310.0	 2
0.0428159823596	38.0	181.0	91.0	310.0	 1
0.0451735614367	37.0	182.0	91.0	310.0	 1
0.0456089619126	36.0	183.0	91.0	310.0	 1
0.0517117176422	36.0	182.0	92.0	310.0	 2
0.0520814605767	35.0	183.0	92.0	310.0	 1
0.0598070657216	35.0	182.0	93.0	310.0	 2
0.0600157423616	35.0	181.0	94.0	310.0	 2
0.0615155721998	35.0	180.0	95.0	310.0	 2
0.0632260682207	35.0	179.0	96.0	310.0	 2
0.0649078266444	35.0	178.0	97.0	310.0	 2
0.0673185822605	35.0	177.0	98.0	310.0	 2
0.0705908989479	34.0	178.0	98.0	310.0	 1
0.07099034578	34.0	177.0	99.0	310.0	 2
0.0737312918776	34.0	176.0	100.0	310.0	 2
0.0749468079438	34.0	175.0	101.0	310.0	 2
0.0766484632992	34.0	174.0	102.0	310.0	 2
0.0770512975532	33.0	175.0	102.0	310.0	 1
0.0801158153363	33.0	174.0	103.0	310.0	 2
0.08417955347	32.0	175.0	103.0	310.0	 1
0.0842127535143	32.0	174.0	104.0	310.0	 2
0.0854882446338	31.0	175.0	104.0	310.0	 1
0.0892329629165	31.0	174.0	105.0	310.0	 2
0.0926895402301	30.0	175.0	105.0	310.0	 1
0.103598475171	30.0	174.0	106.0	310.0	 2
0.103737208451	30.0	173.0	107.0	310.0	 2
0.111456074269	30.0	172.0	108.0	310.0	 2
0.112204765584	30.0	171.0	109.0	310.0	 2
0.113078378891	30.0	170.0	110.0	310.0	 2
0.113333170208	30.0	169.0	111.0	310.0	 2
0.114529841941	29.0	170.0	111.0	310.0	 1
0.122810975597	28.0	171.0	111.0	310.0	 1
0.123582587245	27.0	172.0	111.0	310.0	 1
0.123672009746	26.0	173.0	111.0	310.0	 1
0.127575156313	26.0	172.0	112.0	310.0	 2
0.132128035024	26.0	171.0	113.0	310.0	 2
0.137517725111	25.0	172.0	113.0	310.0	 1
0.138668235489	24.0	173.0	113.0	310.0	 1
0.138775926888	24.0	172.0	114.0	310.0	 2
0.139097002937	23.0	173.0	114.0	310.0	 1
0.141922214034	23.0	172.0	115.0	310.0	 2
0.14457888015	23.0	171.0	116.0	310.0	 2
0.145854018971	23.0	170.0	117.0	310.0	 2
0.149252793054	23.0	169.0	118.0	310.0	 2
0.15328097977	22.0	170.0	118.0	310.0	 1
0.154262289942	22.0	169.0	119.0	310.0	 2
0.159824973405	22.0	168.0	120.0	310.0	 2
0.167174177296	21.0	169.0	120.0	310.0	 1
0.171532531955	20.0	170.0	120.0	310.0	 1
0.177591069231	20.0	169.0	121.0	310.0	 2
0.180609300942	20.0	168.0	122.0	310.0	 2
0.187173542518	19.0	169.0	122.0	310.0	 1
0.187179510403	19.0	168.0	123.0	310.0	 2
0.192996096277	18.0	169.0	123.0	310.0	 1
0.205539832876	18.0	168.0	124.0	310.0	 2
0.208799685328	17.0	169.0	124.0	310.0	 1
0.209448805342	17.0	168.0	125.0	310.0	 2
0.210272615816	17.0	167.0	126.0	310.0	 2
0.217741805923	17.0	166.0	127.0	310.0	 2
0.226131838288	16.0	167.0	127.0	310.0	 1
0.229285380644	16.0	166.0	128.0	310.0	 2
0.232762590565	15.0	167.0	128.0	310.0	 1
0.234659606811	14.0	168.0	128.0	310.0	 1
0.238928359335	14.0	167.0	129.0	310.0	 2
0.239069787645	14.0	166.0	130.0	310.0	 2
0.239206967624	14.0	165.0	131.0	310.0	 2
0.244693801144	13.0	166.0	131.0	310.0	 1
0.248923023156	13.0	165.0	132.0	310.0	 2
0.257797364393	12.0	166.0	132.0	310.0	 1
0.27096323166	12.0	165.0	133.0	310.0	 2
0.284373338584	12.0	164.0	134.0	310.0	 2
0.292303890907	12.0	163.0	135.0	310.0	 2
0.2958730202	12.0	162.0	136.0	310.0	 2
0.300115920623	12.0	161.0	137.0	310.0	 2
0.324599706184	12.0	160.0	138.0	310.0	 2
0.326887089568	12.0	159.0	139.0	310.0	 2
0.32740452381	12.0	158.0	140.0	310.0	 2
0.330051647615	12.0	157.0	141.0	310.0	 2
0.345322367489	12.0	156.0	142.0	310.0	 2
0.345459038628	12.0	155.0	143.0	310.0	 2
0.357144106523	12.0	154.0	144.0	310.0	 2
0.358029505507	12.0	153.0	145.0	310.0	 2
0.369515043653	12.0	152.0	146.0	310.0	 2
0.38390410844	12.0	151.0	147.0	310.0	 2
0.395433364356	12.0	150.0	148.0	310.0	 2
0.395659544515	12.0	149.0	149.0	310.0	 2
0.396820469793	12.0	148.0	150.0	310.0	 2
0.404137811304	11.0	149.0	150.0	310.0	 1
0.411389870389	11.0	148.0	151.0	310.0	 2
0.415720896264	11.0	147.0	152.0	310.0	 2
0.416772655172	11.0	146.0	153.0	310.0	 2
0.427797627318	11.0	145.0	154.0	310.0	 2
0.430742648857	11.0	144.0	155.0	310.0	 2
0.436678638805	11.0	143.0	156.0	310.0	 2
0.441516077873	11.0	142.0	157.0	310.0	 2
0.447007449585	11.0	141.0	158.0	310.0	 2
0.447427702041	11.0	140.0	159.0	310.0	 2
0.454545454545	11.0	140.0	159.0	310.0	 0
