# reactions: 2
Time	S	I	R	N	Fired Reaction
0.0	46.0	181.0	83.0	310.0	 0
0.000959339313666	45.0	182.0	83.0	310.0	 1
0.00163242230052	45.0	181.0	84.0	310.0	 2
0.00183007446503	44.0	182.0	84.0	310.0	 1
0.00239258298716	44.0	181.0	85.0	310.0	 2
0.00737077632702	44.0	180.0	86.0	310.0	 2
0.00882934681206	43.0	181.0	86.0	310.0	 1
0.0145686606198	43.0	180.0	87.0	310.0	 2
0.0153756278174	43.0	179.0	88.0	310.0	 2
0.0200315431495	42.0	180.0	88.0	310.0	 1
0.0241212873632	42.0	179.0	89.0	310.0	 2
0.0243948202053	41.0	180.0	89.0	310.0	 1
0.0273471233799	41.0	179.0	90.0	310.0	 2
0.0275496477698	40.0	180.0	90.0	310.0	 1
0.0310415144261	39.0	181.0	90.0	310.0	 1
0.032440873335	39.0	180.0	91.0	310.0	 2
0.0334015401268	38.0	181.0	91.0	310.0	 1
0.0336888008378	38.0	180.0	92.0	310.0	 2
0.0352543219035	37.0	181.0	92.0	310.0	 1
0.0365257945346	37.0	180.0	93.0	310.0	 2
0.0381771459164	36.0	181.0	93.0	310.0	 1
0.0440989435173	35.0	182.0	93.0	310.0	 1
0.0481304640596	34.0	183.0	93.0	310.0	 1
0.053540298322	34.0	182.0	94.0	310.0	 2
0.0542805787167	33.0	183.0	94.0	310.0	 1
0.055015396174	33.0	182.0	95.0	310.0	 2
0.0553338772935	33.0	181.0	96.0	310.0	 2
0.0565703454958	32.0	182.0	96.0	310.0	 1
0.0586517247435	31.0	183.0	96.0	310.0	 1
0.0620192216738	30.0	184.0	96.0	310.0	 1
0.0628573420218	29.0	185.0	96.0	310.0	 1
0.0629380199652	29.0	184.0	97.0	310.0	 2
0.0679189265064	28.0	185.0	97.0	310.0	 1
0.0716906451614	28.0	184.0	98.0	310.0	 2
0.073129682287	28.0	183.0	99.0	310.0	 2
0.0769299614188	28.0	182.0	100.0	310.0	 2
0.0783069279226	27.0	183.0	100.0	310.0	 1
0.0791058706709	27.0	182.0	101.0	310.0	 2
0.0809034521475	27.0	181.0	102.0	310.0	 2
0.0824204122523	27.0	180.0	103.0	310.0	 2
0.0830520522806	27.0	179.0	104.0	310.0	 2
0.0861063792788	27.0	178.0	105.0	310.0	 2
0.0916173697031	26.0	179.0	105.0	310.0	 1
0.103716965025	25.0	180.0	105.0	310.0	 1
0.106259280919	25.0	179.0	106.0	310.0	 2
0.119090081472	24.0	180.0	106.0	310.0	 1
0.120441248077	23.0	181.0	106.0	310.0	 1
0.121521136695	22.0	182.0	106.0	310.0	 1
0.125464213417	22.0	181.0	107.0	310.0	 2
0.127200689112	22.0	180.0	108.0	310.0	 2
0.127772185173	22.0	179.0	109.0	310.0	 2
0.132326290614	21.0	180.0	109.0	310.0	 1
0.13784467245	20.0	181.0	109.0	310.0	 1
0.139084841553	20.0	180.0	110.0	310.0	 2
0.140489563861	19.0	181.0	110.0	310.0	 1
0.141217669464	19.0	180.0	111.0	310.0	 2
0.14873408262	19.0	179.0	112.0	310.0	 2
0.155290925153	18.0	180.0	112.0	310.0	 1
0.157682516313	17.0	181.0	112.0	310.0	 1
0.160564983301	17.0	180.0	113.0	310.0	 2
0.163649497143	16.0	181.0	113.0	310.0	 1
0.16842546076	15.0	182.0	113.0	310.0	 1
0.174887567883	15.0	181.0	114.0	310.0	 2
0.17626611067	15.0	180.0	115.0	310.0	 2
0.182438358016	15.0	179.0	116.0	310.0	 2
0.185406639674	15.0	178.0	117.0	310.0	 2
0.187457483053	15.0	177.0	118.0	310.0	 2
0.188591181389	15.0	176.0	119.0	310.0	 2
0.1951600691	14.0	177.0	119.0	310.0	 1
0.196668743006	14.0	176.0	120.0	310.0	 2
0.200336680617	13.0	177.0	120.0	310.0	 1
0.202223773589	13.0	176.0	121.0	310.0	 2
0.204763265865	13.0	175.0	122.0	310.0	 2
0.219776642334	13.0	174.0	123.0	310.0	 2
0.220814134713	13.0	173.0	124.0	310.0	 2
0.221242515616	13.0	172.0	125.0	310.0	 2
0.222022548091	13.0	171.0	126.0	310.0	 2
0.225601985111	13.0	170.0	127.0	310.0	 2
0.233121925971	13.0	169.0	128.0	310.0	 2
0.233619638898	12.0	170.0	128.0	310.0	 1
0.239144133122	12.0	169.0	129.0	310.0	 2
0.245019425968	12.0	168.0	130.0	310.0	 2
0.246790509382	12.0	167.0	131.0	310.0	 2
0.249659975355	12.0	166.0	132.0	310.0	 2
0.24970126331	12.0	165.0	133.0	310.0	 2
0.250390304568	12.0	164.0	134.0	310.0	 2
0.281478232574	12.0	163.0	135.0	310.0	 2
0.281788575844	12.0	162.0	136.0	310.0	 2
0.289490313918	12.0	161.0	137.0	310.0	 2
0.293558681759	12.0	160.0	138.0	310.0	 2
0.297988800277	11.0	161.0	138.0	310.0	 1
0.302978771494	10.0	162.0	138.0	310.0	 1
0.305453436772	10.0	161.0	139.0	310.0	 2
0.316101169879	10.0	160.0	140.0	310.0	 2
0.327640267195	9.0	161.0	140.0	310.0	 1
0.331939231415	9.0	160.0	141.0	310.0	 2
0.333264471309	9.0	159.0	142.0	310.0	 2
0.340528012467	9.0	158.0	143.0	310.0	 2
0.343318142748	9.0	157.0	144.0	310.0	 2
0.347251045468	9.0	156.0	145.0	310.0	 2
0.348352871419	9.0	155.0	146.0	310.0	 2
0.35258807889	9.0	154.0	147.0	310.0	 2
0.353439506254	9.0	153.0	148.0	310.0	 2
0.353765646432	8.0	154.0	148.0	310.0	 1
0.355106473904	8.0	153.0	149.0	310.0	 2
0.361414341708	8.0	152.0	150.0	310.0	 2
0.361452213957	8.0	151.0	151.0	310.0	 2
0.363749244268	8.0	150.0	152.0	310.0	 2
0.369628377635	8.0	149.0	153.0	310.0	 2
0.371399023042	8.0	148.0	154.0	310.0	 2
0.38011900962	8.0	147.0	155.0	310.0	 2
0.396018116901	8.0	146.0	156.0	310.0	 2
0.397168857795	8.0	145.0	157.0	310.0	 2
0.403806622723	8.0	144.0	158.0	310.0	 2
0.416402857068	7.0	145.0	158.0	310.0	 1
0.425862120515	7.0	144.0	159.0	310.0	 2
0.435438124933	7.0	143.0	160.0	310.0	 2
0.443935060175	7.0	142.0	161.0	310.0	 2
0.447310409852	7.0	141.0	162.0	310.0	 2
0.450237748177	6.0	142.0	162.0	310.0	 1
0.450454071081	6.0	141.0	163.0	310.0	 2
0.454545454545	6.0	141.0	163.0	310.0	 0
