# reactions: 2
Time	S	I	R	N	Fired Reaction
0.0	46.0	181.0	83.0	310.0	 0
0.00610086132435	46.0	180.0	84.0	310.0	 2
0.00613229424442	45.0	181.0	84.0	310.0	 1
0.0111657895398	44.0	182.0	84.0	310.0	 1
0.0134720072486	44.0	181.0	85.0	310.0	 2
0.014086809854	43.0	182.0	85.0	310.0	 1
0.0145066844764	43.0	181.0	86.0	310.0	 2
0.0168283907918	42.0	182.0	86.0	310.0	 1
0.0214119009809	41.0	183.0	86.0	310.0	 1
0.0222562820776	41.0	182.0	87.0	310.0	 2
0.0233409462553	40.0	183.0	87.0	310.0	 1
0.024063416177	40.0	182.0	88.0	310.0	 2
0.0249557295628	39.0	183.0	88.0	310.0	 1
0.025941185923	38.0	184.0	88.0	310.0	 1
0.0322852649711	37.0	185.0	88.0	310.0	 1
0.0334309904179	37.0	184.0	89.0	310.0	 2
0.0397790537836	36.0	185.0	89.0	310.0	 1
0.0402234995657	35.0	186.0	89.0	310.0	 1
0.0405073483402	34.0	187.0	89.0	310.0	 1
0.0480791450158	34.0	186.0	90.0	310.0	 2
0.0510614534703	33.0	187.0	90.0	310.0	 1
0.0511559242917	32.0	188.0	90.0	310.0	 1
0.0548334407938	31.0	189.0	90.0	310.0	 1
0.0650768895364	31.0	188.0	91.0	310.0	 2
0.0696882162088	31.0	187.0	92.0	310.0	 2
0.0719836591774	31.0	186.0	93.0	310.0	 2
0.0733234235437	30.0	187.0	93.0	310.0	 1
0.0737720321404	29.0	188.0	93.0	310.0	 1
0.0790181587266	29.0	187.0	94.0	310.0	 2
0.0847529373936	28.0	188.0	94.0	310.0	 1
0.0872131940339	28.0	187.0	95.0	310.0	 2
0.0877277228669	28.0	186.0	96.0	310.0	 2
0.0892028659691	27.0	187.0	96.0	310.0	 1
0.0978739607516	27.0	186.0	97.0	310.0	 2
0.0999460429239	26.0	187.0	97.0	310.0	 1
0.100047741564	26.0	186.0	98.0	310.0	 2
0.100894663249	25.0	187.0	98.0	310.0	 1
0.102706130282	25.0	186.0	99.0	310.0	 2
0.103028289873	24.0	187.0	99.0	310.0	 1
0.106519260384	23.0	188.0	99.0	310.0	 1
0.110188341224	23.0	187.0	100.0	310.0	 2
0.112326912925	23.0	186.0	101.0	310.0	 2
0.117947547646	22.0	187.0	101.0	310.0	 1
0.121233459646	21.0	188.0	101.0	310.0	 1
0.121659839323	21.0	187.0	102.0	310.0	 2
0.127758471878	21.0	186.0	103.0	310.0	 2
0.131081459821	20.0	187.0	103.0	310.0	 1
0.13465248156	20.0	186.0	104.0	310.0	 2
0.134686879694	19.0	187.0	104.0	310.0	 1
0.140246269201	19.0	186.0	105.0	310.0	 2
0.143691645703	19.0	185.0	106.0	310.0	 2
0.150378161592	19.0	184.0	107.0	310.0	 2
0.150933959203	19.0	183.0	108.0	310.0	 2
0.152063495241	18.0	184.0	108.0	310.0	 1
0.15318315911	18.0	183.0	109.0	310.0	 2
0.158535111093	18.0	182.0	110.0	310.0	 2
0.16356614744	18.0	181.0	111.0	310.0	 2
0.168419159105	18.0	180.0	112.0	310.0	 2
0.170329241571	18.0	179.0	113.0	310.0	 2
0.17244812111	17.0	180.0	113.0	310.0	 1
0.173691323852	17.0	179.0	114.0	310.0	 2
0.17616818712	16.0	180.0	114.0	310.0	 1
0.179351569278	16.0	179.0	115.0	310.0	 2
0.185767621483	16.0	178.0	116.0	310.0	 2
0.188283614313	15.0	179.0	116.0	310.0	 1
0.18881687211	15.0	178.0	117.0	310.0	 2
0.193023377852	14.0	179.0	117.0	310.0	 1
0.193290204891	13.0	180.0	117.0	310.0	 1
0.19354340317	13.0	179.0	118.0	310.0	 2
0.196312068336	12.0	180.0	118.0	310.0	 1
0.205184518698	12.0	179.0	119.0	310.0	 2
0.223112722417	11.0	180.0	119.0	310.0	 1
0.227812854403	11.0	179.0	120.0	310.0	 2
0.228452202797	11.0	178.0	121.0	310.0	 2
0.231118878023	11.0	177.0	122.0	310.0	 2
0.23144620298	11.0	176.0	123.0	310.0	 2
0.231508770704	11.0	175.0	124.0	310.0	 2
0.235078621888	11.0	174.0	125.0	310.0	 2
0.235297588972	11.0	173.0	126.0	310.0	 2
0.24224993143	11.0	172.0	127.0	310.0	 2
0.242322031642	10.0	173.0	127.0	310.0	 1
0.244026905784	10.0	172.0	128.0	310.0	 2
0.246398976266	10.0	171.0	129.0	310.0	 2
0.255205830367	10.0	170.0	130.0	310.0	 2
0.255978002201	9.0	171.0	130.0	310.0	 1
0.262189515604	9.0	170.0	131.0	310.0	 2
0.273080393071	8.0	171.0	131.0	310.0	 1
0.274534358134	8.0	170.0	132.0	310.0	 2
0.282484453809	8.0	169.0	133.0	310.0	 2
0.28268327313	7.0	170.0	133.0	310.0	 1
0.283531526188	7.0	169.0	134.0	310.0	 2
0.288249114002	6.0	170.0	134.0	310.0	 1
0.28922250564	6.0	169.0	135.0	310.0	 2
0.291792879474	6.0	168.0	136.0	310.0	 2
0.2951877596	6.0	167.0	137.0	310.0	 2
0.297810636316	6.0	166.0	138.0	310.0	 2
0.298565552684	6.0	165.0	139.0	310.0	 2
0.301627716118	5.0	166.0	139.0	310.0	 1
0.303649943798	5.0	165.0	140.0	310.0	 2
0.303795968834	5.0	164.0	141.0	310.0	 2
0.313566255014	5.0	163.0	142.0	310.0	 2
0.315336651176	5.0	162.0	143.0	310.0	 2
0.315598701528	5.0	161.0	144.0	310.0	 2
0.320335882835	5.0	160.0	145.0	310.0	 2
0.320391850067	5.0	159.0	146.0	310.0	 2
0.339035134528	5.0	158.0	147.0	310.0	 2
0.339817752322	4.0	159.0	147.0	310.0	 1
0.347497721725	4.0	158.0	148.0	310.0	 2
0.356929195051	4.0	157.0	149.0	310.0	 2
0.359529924872	4.0	156.0	150.0	310.0	 2
0.372617265788	4.0	155.0	151.0	310.0	 2
0.372699401286	4.0	154.0	152.0	310.0	 2
0.390509190961	4.0	153.0	153.0	310.0	 2
0.398675768234	4.0	152.0	154.0	310.0	 2
0.403711879672	4.0	151.0	155.0	310.0	 2
0.407329165853	3.0	152.0	155.0	310.0	 1
0.414291061531	3.0	151.0	156.0	310.0	 2
0.427107607043	3.0	150.0	157.0	310.0	 2
0.434200779765	3.0	149.0	158.0	310.0	 2
0.435600457058	3.0	148.0	159.0	310.0	 2
0.437582513333	3.0	147.0	160.0	310.0	 2
0.451258728583	3.0	146.0	161.0	310.0	 2
0.453289914141	3.0	145.0	162.0	310.0	 2
0.454545454545	3.0	145.0	162.0	310.0	 0
