# reactions: 2
Time	S	I	R	N	Fired Reaction
0.0	46.0	181.0	83.0	310.0	 0
0.00378979656818	46.0	180.0	84.0	310.0	 2
0.00888181670132	46.0	179.0	85.0	310.0	 2
0.00974488282762	46.0	178.0	86.0	310.0	 2
0.0107500409118	45.0	179.0	86.0	310.0	 1
0.0127137883366	44.0	180.0	86.0	310.0	 1
0.018144082634	43.0	181.0	86.0	310.0	 1
0.0227262431386	42.0	182.0	86.0	310.0	 1
0.023781132857	42.0	181.0	87.0	310.0	 2
0.0283604156563	42.0	180.0	88.0	310.0	 2
0.0288979704037	41.0	181.0	88.0	310.0	 1
0.0309787405754	41.0	180.0	89.0	310.0	 2
0.0369565422627	41.0	179.0	90.0	310.0	 2
0.0372074839197	40.0	180.0	90.0	310.0	 1
0.0425424632761	40.0	179.0	91.0	310.0	 2
0.0494850870243	39.0	180.0	91.0	310.0	 1
0.049519250698	39.0	179.0	92.0	310.0	 2
0.0525137244272	39.0	178.0	93.0	310.0	 2
0.054114147128	38.0	179.0	93.0	310.0	 1
0.055974580926	38.0	178.0	94.0	310.0	 2
0.0574287247662	37.0	179.0	94.0	310.0	 1
0.0654806088541	36.0	180.0	94.0	310.0	 1
0.0665131519339	36.0	179.0	95.0	310.0	 2
0.0679608958948	36.0	178.0	96.0	310.0	 2
0.0692197438408	35.0	179.0	96.0	310.0	 1
0.0709039260432	35.0	178.0	97.0	310.0	 2
0.0782082049759	34.0	179.0	97.0	310.0	 1
0.0783633462909	34.0	178.0	98.0	310.0	 2
0.0784114008408	34.0	177.0	99.0	310.0	 2
0.0842913105264	33.0	178.0	99.0	310.0	 1
0.0843455433942	33.0	177.0	100.0	310.0	 2
0.0863181815599	33.0	176.0	101.0	310.0	 2
0.0875156992237	33.0	175.0	102.0	310.0	 2
0.0917563815663	32.0	176.0	102.0	310.0	 1
0.0942821824353	32.0	175.0	103.0	310.0	 2
0.0971783213422	32.0	174.0	104.0	310.0	 2
0.0997120468409	31.0	175.0	104.0	310.0	 1
0.106745658697	31.0	174.0	105.0	310.0	 2
0.109536540662	31.0	173.0	106.0	310.0	 2
0.109953004185	31.0	172.0	107.0	310.0	 2
0.110279396825	30.0	173.0	107.0	310.0	 1
0.124975495309	30.0	172.0	108.0	310.0	 2
0.12705488174	30.0	171.0	109.0	310.0	 2
0.128575685136	29.0	172.0	109.0	310.0	 1
0.131652768718	29.0	171.0	110.0	310.0	 2
0.133813181042	29.0	170.0	111.0	310.0	 2
0.134430636214	28.0	171.0	111.0	310.0	 1
0.141223873285	28.0	170.0	112.0	310.0	 2
0.14205964307	28.0	169.0	113.0	310.0	 2
0.148733451615	27.0	170.0	113.0	310.0	 1
0.151429881001	26.0	171.0	113.0	310.0	 1
0.154635857616	26.0	170.0	114.0	310.0	 2
0.166080620157	26.0	169.0	115.0	310.0	 2
0.171744668936	26.0	168.0	116.0	310.0	 2
0.174306251103	26.0	167.0	117.0	310.0	 2
0.174712309421	26.0	166.0	118.0	310.0	 2
0.175116759041	25.0	167.0	118.0	310.0	 1
0.188878911746	24.0	168.0	118.0	310.0	 1
0.189598383986	24.0	167.0	119.0	310.0	 2
0.190304508201	24.0	166.0	120.0	310.0	 2
0.192572419693	24.0	165.0	121.0	310.0	 2
0.198147509942	24.0	164.0	122.0	310.0	 2
0.200524179499	23.0	165.0	122.0	310.0	 1
0.204972956492	23.0	164.0	123.0	310.0	 2
0.209668733138	23.0	163.0	124.0	310.0	 2
0.210912956319	22.0	164.0	124.0	310.0	 1
0.211029462761	22.0	163.0	125.0	310.0	 2
0.213748686635	21.0	164.0	125.0	310.0	 1
0.218614051472	21.0	163.0	126.0	310.0	 2
0.219808750469	21.0	162.0	127.0	310.0	 2
0.22136024947	21.0	161.0	128.0	310.0	 2
0.223527165301	21.0	160.0	129.0	310.0	 2
0.238200288532	20.0	161.0	129.0	310.0	 1
0.239022431193	20.0	160.0	130.0	310.0	 2
0.242330558239	19.0	161.0	130.0	310.0	 1
0.242945697442	19.0	160.0	131.0	310.0	 2
0.244840448799	19.0	159.0	132.0	310.0	 2
0.24806818811	19.0	158.0	133.0	310.0	 2
0.250475162123	19.0	157.0	134.0	310.0	 2
0.250681605431	18.0	158.0	134.0	310.0	 1
0.25168607983	18.0	157.0	135.0	310.0	 2
0.257658521793	17.0	158.0	135.0	310.0	 1
0.257891925397	17.0	157.0	136.0	310.0	 2
0.2609062716	17.0	156.0	137.0	310.0	 2
0.262278708041	17.0	155.0	138.0	310.0	 2
0.271971590982	17.0	154.0	139.0	310.0	 2
0.276654219187	16.0	155.0	139.0	310.0	 1
0.281680939709	16.0	154.0	140.0	310.0	 2
0.284125771268	16.0	153.0	141.0	310.0	 2
0.287495145719	15.0	154.0	141.0	310.0	 1
0.291319733818	15.0	153.0	142.0	310.0	 2
0.295543270278	15.0	152.0	143.0	310.0	 2
0.299209620811	15.0	151.0	144.0	310.0	 2
0.300797752778	15.0	150.0	145.0	310.0	 2
0.306642322269	14.0	151.0	145.0	310.0	 1
0.307235319917	14.0	150.0	146.0	310.0	 2
0.326159508215	14.0	149.0	147.0	310.0	 2
0.330242506894	14.0	148.0	148.0	310.0	 2
0.340746700962	13.0	149.0	148.0	310.0	 1
0.344917607353	13.0	148.0	149.0	310.0	 2
0.348861094247	13.0	147.0	150.0	310.0	 2
0.357056981251	13.0	146.0	151.0	310.0	 2
0.3607792856	13.0	145.0	152.0	310.0	 2
0.364193708837	13.0	144.0	153.0	310.0	 2
0.376278113146	13.0	143.0	154.0	310.0	 2
0.37641474113	13.0	142.0	155.0	310.0	 2
0.379666394341	13.0	141.0	156.0	310.0	 2
0.380694550829	13.0	140.0	157.0	310.0	 2
0.386556548321	13.0	139.0	158.0	310.0	 2
0.388302960897	13.0	138.0	159.0	310.0	 2
0.395749077065	13.0	137.0	160.0	310.0	 2
0.397355051609	12.0	138.0	160.0	310.0	 1
0.398268901101	12.0	137.0	161.0	310.0	 2
0.419307597567	11.0	138.0	161.0	310.0	 1
0.436363147491	10.0	139.0	161.0	310.0	 1
0.436479098965	9.0	140.0	161.0	310.0	 1
0.438541824245	9.0	139.0	162.0	310.0	 2
0.438923516705	8.0	140.0	162.0	310.0	 1
0.441403637414	8.0	139.0	163.0	310.0	 2
0.454545454545	8.0	139.0	163.0	310.0	 0
