# reactions: 2
Time	S	I	R	N	Fired Reaction
0.0	46.0	181.0	83.0	310.0	 0
0.000903642728305	45.0	182.0	83.0	310.0	 1
0.00929282128651	45.0	181.0	84.0	310.0	 2
0.00979371917882	44.0	182.0	84.0	310.0	 1
0.0111038517303	43.0	183.0	84.0	310.0	 1
0.0116713022631	43.0	182.0	85.0	310.0	 2
0.0148613720789	43.0	181.0	86.0	310.0	 2
0.0168461390471	43.0	180.0	87.0	310.0	 2
0.017662531705	42.0	181.0	87.0	310.0	 1
0.0266512118678	42.0	180.0	88.0	310.0	 2
0.0274201842478	42.0	179.0	89.0	310.0	 2
0.0311637651373	42.0	178.0	90.0	310.0	 2
0.034976136262	42.0	177.0	91.0	310.0	 2
0.0388476318567	41.0	178.0	91.0	310.0	 1
0.0523996102999	40.0	179.0	91.0	310.0	 1
0.0606733568832	39.0	180.0	91.0	310.0	 1
0.0614494918009	38.0	181.0	91.0	310.0	 1
0.0639593999727	38.0	180.0	92.0	310.0	 2
0.0644617763614	37.0	181.0	92.0	310.0	 1
0.0701780920816	36.0	182.0	92.0	310.0	 1
0.0702654350871	35.0	183.0	92.0	310.0	 1
0.0710852077358	35.0	182.0	93.0	310.0	 2
0.0714240619476	35.0	181.0	94.0	310.0	 2
0.0751255094782	35.0	180.0	95.0	310.0	 2
0.0772489547451	35.0	179.0	96.0	310.0	 2
0.0819855528107	35.0	178.0	97.0	310.0	 2
0.0840877852967	34.0	179.0	97.0	310.0	 1
0.0859498981969	33.0	180.0	97.0	310.0	 1
0.0873855463258	33.0	179.0	98.0	310.0	 2
0.0898611880667	33.0	178.0	99.0	310.0	 2
0.0930933946121	33.0	177.0	100.0	310.0	 2
0.0978474960829	32.0	178.0	100.0	310.0	 1
0.0987757655007	32.0	177.0	101.0	310.0	 2
0.0990264293928	31.0	178.0	101.0	310.0	 1
0.0993615992067	31.0	177.0	102.0	310.0	 2
0.108996209714	31.0	176.0	103.0	310.0	 2
0.112640637233	30.0	177.0	103.0	310.0	 1
0.112984421516	30.0	176.0	104.0	310.0	 2
0.113814996934	29.0	177.0	104.0	310.0	 1
0.11393036907	28.0	178.0	104.0	310.0	 1
0.114524486758	27.0	179.0	104.0	310.0	 1
0.115815771911	27.0	178.0	105.0	310.0	 2
0.117089070748	27.0	177.0	106.0	310.0	 2
0.122458275431	26.0	178.0	106.0	310.0	 1
0.139815724028	26.0	177.0	107.0	310.0	 2
0.140727208333	25.0	178.0	107.0	310.0	 1
0.140813193401	25.0	177.0	108.0	310.0	 2
0.141150275861	24.0	178.0	108.0	310.0	 1
0.147317517803	24.0	177.0	109.0	310.0	 2
0.149656963513	24.0	176.0	110.0	310.0	 2
0.164841866981	23.0	177.0	110.0	310.0	 1
0.165921657753	23.0	176.0	111.0	310.0	 2
0.166280716574	22.0	177.0	111.0	310.0	 1
0.167072071383	22.0	176.0	112.0	310.0	 2
0.170711815631	22.0	175.0	113.0	310.0	 2
0.17354581382	22.0	174.0	114.0	310.0	 2
0.175378626396	21.0	175.0	114.0	310.0	 1
0.179670455681	20.0	176.0	114.0	310.0	 1
0.186984563759	20.0	175.0	115.0	310.0	 2
0.18845678536	19.0	176.0	115.0	310.0	 1
0.189450232468	18.0	177.0	115.0	310.0	 1
0.198289812451	18.0	176.0	116.0	310.0	 2
0.199425068649	18.0	175.0	117.0	310.0	 2
0.200016517192	18.0	174.0	118.0	310.0	 2
0.205195248714	18.0	173.0	119.0	310.0	 2
0.208745672522	18.0	172.0	120.0	310.0	 2
0.209880796318	18.0	171.0	121.0	310.0	 2
0.210819623806	18.0	170.0	122.0	310.0	 2
0.231287046864	17.0	171.0	122.0	310.0	 1
0.233830777293	17.0	170.0	123.0	310.0	 2
0.23490148347	17.0	169.0	124.0	310.0	 2
0.236870270835	17.0	168.0	125.0	310.0	 2
0.239853527989	16.0	169.0	125.0	310.0	 1
0.252612534532	15.0	170.0	125.0	310.0	 1
0.25341978974	14.0	171.0	125.0	310.0	 1
0.260455411672	14.0	170.0	126.0	310.0	 2
0.264264400798	14.0	169.0	127.0	310.0	 2
0.270856852771	14.0	168.0	128.0	310.0	 2
0.272011622191	13.0	169.0	128.0	310.0	 1
0.275325209552	13.0	168.0	129.0	310.0	 2
0.28252417676	13.0	167.0	130.0	310.0	 2
0.282601191094	13.0	166.0	131.0	310.0	 2
0.28494028855	12.0	167.0	131.0	310.0	 1
0.286143151704	12.0	166.0	132.0	310.0	 2
0.302010392545	12.0	165.0	133.0	310.0	 2
0.309355865856	11.0	166.0	133.0	310.0	 1
0.310254852536	10.0	167.0	133.0	310.0	 1
0.312315720454	10.0	166.0	134.0	310.0	 2
0.315240069372	10.0	165.0	135.0	310.0	 2
0.324500686686	10.0	164.0	136.0	310.0	 2
0.327461667528	10.0	163.0	137.0	310.0	 2
0.344316180047	10.0	162.0	138.0	310.0	 2
0.347988747943	10.0	161.0	139.0	310.0	 2
0.350134510078	10.0	160.0	140.0	310.0	 2
0.358076624607	9.0	161.0	140.0	310.0	 1
0.363467964313	8.0	162.0	140.0	310.0	 1
0.3768374663	8.0	161.0	141.0	310.0	 2
0.378982845086	8.0	160.0	142.0	310.0	 2
0.382086651081	8.0	159.0	143.0	310.0	 2
0.383115957779	7.0	160.0	143.0	310.0	 1
0.383705066967	7.0	159.0	144.0	310.0	 2
0.385226634735	7.0	158.0	145.0	310.0	 2
0.3866996235	7.0	157.0	146.0	310.0	 2
0.390361160317	7.0	156.0	147.0	310.0	 2
0.392577517436	7.0	155.0	148.0	310.0	 2
0.396273929867	7.0	154.0	149.0	310.0	 2
0.396861728286	7.0	153.0	150.0	310.0	 2
0.400399483745	7.0	152.0	151.0	310.0	 2
0.40355367214	7.0	151.0	152.0	310.0	 2
0.408079636798	7.0	150.0	153.0	310.0	 2
0.408786389948	6.0	151.0	153.0	310.0	 1
0.416628791531	6.0	150.0	154.0	310.0	 2
0.417732734554	6.0	149.0	155.0	310.0	 2
0.417819344863	6.0	148.0	156.0	310.0	 2
0.420434069082	6.0	147.0	157.0	310.0	 2
0.423209809718	5.0	148.0	157.0	310.0	 1
0.429277268547	4.0	149.0	157.0	310.0	 1
0.436014499672	4.0	148.0	158.0	310.0	 2
0.438495803874	4.0	147.0	159.0	310.0	 2
0.447258626799	4.0	146.0	160.0	310.0	 2
0.454545454545	4.0	146.0	160.0	310.0	 0
