# reactions: 2
Time	S	I	R	N	Fired Reaction
0.0	46.0	181.0	83.0	310.0	 0
0.0024940013871	46.0	180.0	84.0	310.0	 2
0.00387705251386	46.0	179.0	85.0	310.0	 2
0.00648511387984	45.0	180.0	85.0	310.0	 1
0.00995661251214	44.0	181.0	85.0	310.0	 1
0.0104698230406	43.0	182.0	85.0	310.0	 1
0.0185514255699	43.0	181.0	86.0	310.0	 2
0.0209545778743	42.0	182.0	86.0	310.0	 1
0.0227959004331	42.0	181.0	87.0	310.0	 2
0.0236004914875	42.0	180.0	88.0	310.0	 2
0.024353657164	41.0	181.0	88.0	310.0	 1
0.0260559172314	41.0	180.0	89.0	310.0	 2
0.0313400784357	41.0	179.0	90.0	310.0	 2
0.0325468725037	41.0	178.0	91.0	310.0	 2
0.0329204554619	40.0	179.0	91.0	310.0	 1
0.0342715770391	39.0	180.0	91.0	310.0	 1
0.0347669104771	38.0	181.0	91.0	310.0	 1
0.0366855030354	37.0	182.0	91.0	310.0	 1
0.0371858994914	37.0	181.0	92.0	310.0	 2
0.0414341230235	37.0	180.0	93.0	310.0	 2
0.0459712912001	36.0	181.0	93.0	310.0	 1
0.0479175695671	35.0	182.0	93.0	310.0	 1
0.0507341230148	35.0	181.0	94.0	310.0	 2
0.0531288248551	35.0	180.0	95.0	310.0	 2
0.0543391027705	35.0	179.0	96.0	310.0	 2
0.0562770303243	34.0	180.0	96.0	310.0	 1
0.0654990426036	33.0	181.0	96.0	310.0	 1
0.0666325307631	32.0	182.0	96.0	310.0	 1
0.0710323670874	31.0	183.0	96.0	310.0	 1
0.0711554401683	30.0	184.0	96.0	310.0	 1
0.0734613614619	29.0	185.0	96.0	310.0	 1
0.0825510535197	29.0	184.0	97.0	310.0	 2
0.0846271231012	29.0	183.0	98.0	310.0	 2
0.0855841397452	29.0	182.0	99.0	310.0	 2
0.0902913717289	29.0	181.0	100.0	310.0	 2
0.0954618965096	29.0	180.0	101.0	310.0	 2
0.0959202155071	29.0	179.0	102.0	310.0	 2
0.0994403842704	28.0	180.0	102.0	310.0	 1
0.101570496242	28.0	179.0	103.0	310.0	 2
0.10495363087	28.0	178.0	104.0	310.0	 2
0.111721081425	28.0	177.0	105.0	310.0	 2
0.116473212085	28.0	176.0	106.0	310.0	 2
0.119295293297	28.0	175.0	107.0	310.0	 2
0.121601750027	28.0	174.0	108.0	310.0	 2
0.128200431434	28.0	173.0	109.0	310.0	 2
0.128287146482	28.0	172.0	110.0	310.0	 2
0.131228412568	28.0	171.0	111.0	310.0	 2
0.133480809142	28.0	170.0	112.0	310.0	 2
0.139363728012	28.0	169.0	113.0	310.0	 2
0.14637027351	28.0	168.0	114.0	310.0	 2
0.150739442402	28.0	167.0	115.0	310.0	 2
0.154638910012	27.0	168.0	115.0	310.0	 1
0.154923807193	27.0	167.0	116.0	310.0	 2
0.155398307935	27.0	166.0	117.0	310.0	 2
0.160638287238	27.0	165.0	118.0	310.0	 2
0.165898738242	26.0	166.0	118.0	310.0	 1
0.166575464465	25.0	167.0	118.0	310.0	 1
0.175874370324	24.0	168.0	118.0	310.0	 1
0.177262337111	23.0	169.0	118.0	310.0	 1
0.184759939005	22.0	170.0	118.0	310.0	 1
0.187290033519	21.0	171.0	118.0	310.0	 1
0.203423359739	20.0	172.0	118.0	310.0	 1
0.20975334202	19.0	173.0	118.0	310.0	 1
0.211997032751	19.0	172.0	119.0	310.0	 2
0.220075968904	19.0	171.0	120.0	310.0	 2
0.221561988265	19.0	170.0	121.0	310.0	 2
0.224196925519	18.0	171.0	121.0	310.0	 1
0.231663891405	17.0	172.0	121.0	310.0	 1
0.233278123755	16.0	173.0	121.0	310.0	 1
0.234597391933	16.0	172.0	122.0	310.0	 2
0.235650022744	16.0	171.0	123.0	310.0	 2
0.237077248857	16.0	170.0	124.0	310.0	 2
0.244955115678	16.0	169.0	125.0	310.0	 2
0.251816378274	16.0	168.0	126.0	310.0	 2
0.270743513931	16.0	167.0	127.0	310.0	 2
0.276365593135	15.0	168.0	127.0	310.0	 1
0.277943359177	14.0	169.0	127.0	310.0	 1
0.28347281764	14.0	168.0	128.0	310.0	 2
0.284080444443	14.0	167.0	129.0	310.0	 2
0.28821536124	13.0	168.0	129.0	310.0	 1
0.301745223098	13.0	167.0	130.0	310.0	 2
0.303756622787	13.0	166.0	131.0	310.0	 2
0.307436969065	13.0	165.0	132.0	310.0	 2
0.310142307386	13.0	164.0	133.0	310.0	 2
0.312024718862	12.0	165.0	133.0	310.0	 1
0.313363812585	12.0	164.0	134.0	310.0	 2
0.322182193709	12.0	163.0	135.0	310.0	 2
0.335670883448	12.0	162.0	136.0	310.0	 2
0.33692979445	12.0	161.0	137.0	310.0	 2
0.337029911079	12.0	160.0	138.0	310.0	 2
0.340534268073	11.0	161.0	138.0	310.0	 1
0.347442920177	10.0	162.0	138.0	310.0	 1
0.352665576543	10.0	161.0	139.0	310.0	 2
0.354266001327	10.0	160.0	140.0	310.0	 2
0.355105758107	10.0	159.0	141.0	310.0	 2
0.35621644998	9.0	160.0	141.0	310.0	 1
0.35871902162	9.0	159.0	142.0	310.0	 2
0.360911808238	9.0	158.0	143.0	310.0	 2
0.361050765377	9.0	157.0	144.0	310.0	 2
0.364795312485	9.0	156.0	145.0	310.0	 2
0.365215416187	9.0	155.0	146.0	310.0	 2
0.373112243118	9.0	154.0	147.0	310.0	 2
0.374517394407	9.0	153.0	148.0	310.0	 2
0.37654500646	8.0	154.0	148.0	310.0	 1
0.377989110322	8.0	153.0	149.0	310.0	 2
0.378508068996	8.0	152.0	150.0	310.0	 2
0.380393398022	8.0	151.0	151.0	310.0	 2
0.380905299835	8.0	150.0	152.0	310.0	 2
0.384110948677	8.0	149.0	153.0	310.0	 2
0.390273679744	7.0	150.0	153.0	310.0	 1
0.390532040133	7.0	149.0	154.0	310.0	 2
0.397276173433	7.0	148.0	155.0	310.0	 2
0.407467877697	7.0	147.0	156.0	310.0	 2
0.4111673655	7.0	146.0	157.0	310.0	 2
0.423880785164	7.0	145.0	158.0	310.0	 2
0.426698447047	7.0	144.0	159.0	310.0	 2
0.427005166722	7.0	143.0	160.0	310.0	 2
0.440941450951	7.0	142.0	161.0	310.0	 2
0.454545454545	7.0	142.0	161.0	310.0	 0
