# reactions: 2
Time	S	I	R	N	Fired Reaction
0.0	46.0	181.0	83.0	310.0	 0
0.000194396946307	46.0	180.0	84.0	310.0	 2
0.00122010368742	45.0	181.0	84.0	310.0	 1
0.00495772820508	45.0	180.0	85.0	310.0	 2
0.00513039963722	44.0	181.0	85.0	310.0	 1
0.00577463061417	43.0	182.0	85.0	310.0	 1
0.00946519892409	43.0	181.0	86.0	310.0	 2
0.00969322295849	42.0	182.0	86.0	310.0	 1
0.0102177581576	42.0	181.0	87.0	310.0	 2
0.0131456439278	41.0	182.0	87.0	310.0	 1
0.0169575718421	40.0	183.0	87.0	310.0	 1
0.021409603219	39.0	184.0	87.0	310.0	 1
0.0270325236912	38.0	185.0	87.0	310.0	 1
0.0294002683664	37.0	186.0	87.0	310.0	 1
0.0335911880224	37.0	185.0	88.0	310.0	 2
0.0341417510247	36.0	186.0	88.0	310.0	 1
0.0405348240468	36.0	185.0	89.0	310.0	 2
0.0427720145046	36.0	184.0	90.0	310.0	 2
0.0456288085293	36.0	183.0	91.0	310.0	 2
0.0504779736699	36.0	182.0	92.0	310.0	 2
0.0552841428149	36.0	181.0	93.0	310.0	 2
0.0656304334938	36.0	180.0	94.0	310.0	 2
0.073897987916	35.0	181.0	94.0	310.0	 1
0.0785815420703	34.0	182.0	94.0	310.0	 1
0.0808433827197	33.0	183.0	94.0	310.0	 1
0.0816787238709	32.0	184.0	94.0	310.0	 1
0.0824881052472	32.0	183.0	95.0	310.0	 2
0.0839075631013	32.0	182.0	96.0	310.0	 2
0.0863382274569	32.0	181.0	97.0	310.0	 2
0.0881546044287	31.0	182.0	97.0	310.0	 1
0.0957455467074	31.0	181.0	98.0	310.0	 2
0.100151532024	30.0	182.0	98.0	310.0	 1
0.101146196593	29.0	183.0	98.0	310.0	 1
0.102472272568	28.0	184.0	98.0	310.0	 1
0.111499398158	28.0	183.0	99.0	310.0	 2
0.113469732224	28.0	182.0	100.0	310.0	 2
0.114798525432	28.0	181.0	101.0	310.0	 2
0.117520000728	28.0	180.0	102.0	310.0	 2
0.117585718299	28.0	179.0	103.0	310.0	 2
0.121066325661	28.0	178.0	104.0	310.0	 2
0.122790157038	28.0	177.0	105.0	310.0	 2
0.128310992551	28.0	176.0	106.0	310.0	 2
0.130202660881	28.0	175.0	107.0	310.0	 2
0.133675822659	28.0	174.0	108.0	310.0	 2
0.136122488592	27.0	175.0	108.0	310.0	 1
0.14575329764	26.0	176.0	108.0	310.0	 1
0.150054721393	25.0	177.0	108.0	310.0	 1
0.150135476596	25.0	176.0	109.0	310.0	 2
0.150794625103	24.0	177.0	109.0	310.0	 1
0.151588961544	24.0	176.0	110.0	310.0	 2
0.151719898572	24.0	175.0	111.0	310.0	 2
0.152138310359	24.0	174.0	112.0	310.0	 2
0.154770608532	23.0	175.0	112.0	310.0	 1
0.159936440865	23.0	174.0	113.0	310.0	 2
0.160025200666	22.0	175.0	113.0	310.0	 1
0.164686996049	22.0	174.0	114.0	310.0	 2
0.166517578995	22.0	173.0	115.0	310.0	 2
0.16791476937	22.0	172.0	116.0	310.0	 2
0.170484518921	21.0	173.0	116.0	310.0	 1
0.170939465985	21.0	172.0	117.0	310.0	 2
0.17097294397	21.0	171.0	118.0	310.0	 2
0.173223193524	21.0	170.0	119.0	310.0	 2
0.173866365044	21.0	169.0	120.0	310.0	 2
0.177887219772	21.0	168.0	121.0	310.0	 2
0.181543874296	21.0	167.0	122.0	310.0	 2
0.190898026946	21.0	166.0	123.0	310.0	 2
0.192068202764	20.0	167.0	123.0	310.0	 1
0.195485251163	19.0	168.0	123.0	310.0	 1
0.196018679951	19.0	167.0	124.0	310.0	 2
0.197737220244	18.0	168.0	124.0	310.0	 1
0.202268436328	18.0	167.0	125.0	310.0	 2
0.214541714559	17.0	168.0	125.0	310.0	 1
0.229891780566	17.0	167.0	126.0	310.0	 2
0.230142817728	17.0	166.0	127.0	310.0	 2
0.230218557852	16.0	167.0	127.0	310.0	 1
0.24779937317	16.0	166.0	128.0	310.0	 2
0.259502494279	15.0	167.0	128.0	310.0	 1
0.261585603007	15.0	166.0	129.0	310.0	 2
0.271587223791	15.0	165.0	130.0	310.0	 2
0.274195802166	14.0	166.0	130.0	310.0	 1
0.286889249324	14.0	165.0	131.0	310.0	 2
0.28773568347	13.0	166.0	131.0	310.0	 1
0.295672032017	13.0	165.0	132.0	310.0	 2
0.29744029384	13.0	164.0	133.0	310.0	 2
0.310462091289	12.0	165.0	133.0	310.0	 1
0.314595732031	11.0	166.0	133.0	310.0	 1
0.319577437471	11.0	165.0	134.0	310.0	 2
0.323879316034	11.0	164.0	135.0	310.0	 2
0.3280906026	11.0	163.0	136.0	310.0	 2
0.329532669069	11.0	162.0	137.0	310.0	 2
0.330909198837	11.0	161.0	138.0	310.0	 2
0.334907463373	10.0	162.0	138.0	310.0	 1
0.334999881045	10.0	161.0	139.0	310.0	 2
0.338082367043	10.0	160.0	140.0	310.0	 2
0.338155566628	10.0	159.0	141.0	310.0	 2
0.342112364524	9.0	160.0	141.0	310.0	 1
0.357579814964	9.0	159.0	142.0	310.0	 2
0.357627435919	8.0	160.0	142.0	310.0	 1
0.360521930629	7.0	161.0	142.0	310.0	 1
0.363091047868	7.0	160.0	143.0	310.0	 2
0.363652294503	7.0	159.0	144.0	310.0	 2
0.369961602368	6.0	160.0	144.0	310.0	 1
0.370138784875	5.0	161.0	144.0	310.0	 1
0.371320119015	5.0	160.0	145.0	310.0	 2
0.373477503271	5.0	159.0	146.0	310.0	 2
0.385238600667	5.0	158.0	147.0	310.0	 2
0.387912833197	5.0	157.0	148.0	310.0	 2
0.39133639025	4.0	158.0	148.0	310.0	 1
0.391348570828	4.0	157.0	149.0	310.0	 2
0.398488499335	4.0	156.0	150.0	310.0	 2
0.398495531534	4.0	155.0	151.0	310.0	 2
0.400437815634	4.0	154.0	152.0	310.0	 2
0.402742138729	4.0	153.0	153.0	310.0	 2
0.405530903477	4.0	152.0	154.0	310.0	 2
0.413078400842	4.0	151.0	155.0	310.0	 2
0.415664529309	4.0	150.0	156.0	310.0	 2
0.42312674478	4.0	149.0	157.0	310.0	 2
0.429993870194	4.0	148.0	158.0	310.0	 2
0.434824034955	4.0	147.0	159.0	310.0	 2
0.435727541656	3.0	148.0	159.0	310.0	 1
0.442630202022	3.0	147.0	160.0	310.0	 2
0.443741284929	3.0	146.0	161.0	310.0	 2
0.45313993244	3.0	145.0	162.0	310.0	 2
0.454545454545	3.0	145.0	162.0	310.0	 0
