# reactions: 2
Time	S	I	R	N	Fired Reaction
0.0	46.0	181.0	83.0	310.0	 0
0.00197616226715	46.0	180.0	84.0	310.0	 2
0.00326197997764	45.0	181.0	84.0	310.0	 1
0.00543081269065	44.0	182.0	84.0	310.0	 1
0.0119804241232	43.0	183.0	84.0	310.0	 1
0.0131361411932	42.0	184.0	84.0	310.0	 1
0.0150624079348	42.0	183.0	85.0	310.0	 2
0.0182305470963	42.0	182.0	86.0	310.0	 2
0.0210446081046	42.0	181.0	87.0	310.0	 2
0.0219434944191	42.0	180.0	88.0	310.0	 2
0.0235004471237	41.0	181.0	88.0	310.0	 1
0.0254053703678	40.0	182.0	88.0	310.0	 1
0.0312834034626	39.0	183.0	88.0	310.0	 1
0.0341130560792	39.0	182.0	89.0	310.0	 2
0.0362473027295	38.0	183.0	89.0	310.0	 1
0.0373269133828	37.0	184.0	89.0	310.0	 1
0.0396568402234	37.0	183.0	90.0	310.0	 2
0.0471503310647	36.0	184.0	90.0	310.0	 1
0.0500723293942	36.0	183.0	91.0	310.0	 2
0.0515181016165	36.0	182.0	92.0	310.0	 2
0.0518509326773	35.0	183.0	92.0	310.0	 1
0.055065394869	35.0	182.0	93.0	310.0	 2
0.0605276046107	34.0	183.0	93.0	310.0	 1
0.0614199159956	34.0	182.0	94.0	310.0	 2
0.0688178616894	33.0	183.0	94.0	310.0	 1
0.0737855821245	32.0	184.0	94.0	310.0	 1
0.0748000295675	31.0	185.0	94.0	310.0	 1
0.077616245418	30.0	186.0	94.0	310.0	 1
0.0781002079621	30.0	185.0	95.0	310.0	 2
0.0798507977457	30.0	184.0	96.0	310.0	 2
0.0800739652692	29.0	185.0	96.0	310.0	 1
0.0882753899811	29.0	184.0	97.0	310.0	 2
0.0895793146837	29.0	183.0	98.0	310.0	 2
0.097423005114	29.0	182.0	99.0	310.0	 2
0.0991108643434	28.0	183.0	99.0	310.0	 1
0.107506999928	28.0	182.0	100.0	310.0	 2
0.109795565876	28.0	181.0	101.0	310.0	 2
0.110095925768	27.0	182.0	101.0	310.0	 1
0.111556202698	26.0	183.0	101.0	310.0	 1
0.112804587186	26.0	182.0	102.0	310.0	 2
0.1160767322	26.0	181.0	103.0	310.0	 2
0.123186855952	26.0	180.0	104.0	310.0	 2
0.131325729497	25.0	181.0	104.0	310.0	 1
0.133559560821	25.0	180.0	105.0	310.0	 2
0.13517110546	25.0	179.0	106.0	310.0	 2
0.138340109542	25.0	178.0	107.0	310.0	 2
0.139586300685	25.0	177.0	108.0	310.0	 2
0.145220213354	25.0	176.0	109.0	310.0	 2
0.149423935244	24.0	177.0	109.0	310.0	 1
0.150168789856	24.0	176.0	110.0	310.0	 2
0.164728800897	24.0	175.0	111.0	310.0	 2
0.168889274807	23.0	176.0	111.0	310.0	 1
0.168999499788	23.0	175.0	112.0	310.0	 2
0.171303253339	23.0	174.0	113.0	310.0	 2
0.17521793648	23.0	173.0	114.0	310.0	 2
0.176826268818	23.0	172.0	115.0	310.0	 2
0.179537562216	23.0	171.0	116.0	310.0	 2
0.180419260034	23.0	170.0	117.0	310.0	 2
0.183014542583	23.0	169.0	118.0	310.0	 2
0.183521685897	23.0	168.0	119.0	310.0	 2
0.185415957034	22.0	169.0	119.0	310.0	 1
0.189624328062	21.0	170.0	119.0	310.0	 1
0.189924403878	21.0	169.0	120.0	310.0	 2
0.191854260102	21.0	168.0	121.0	310.0	 2
0.193100605009	21.0	167.0	122.0	310.0	 2
0.194789529275	21.0	166.0	123.0	310.0	 2
0.19569267296	21.0	165.0	124.0	310.0	 2
0.199769538552	21.0	164.0	125.0	310.0	 2
0.20167130973	21.0	163.0	126.0	310.0	 2
0.207095322157	21.0	162.0	127.0	310.0	 2
0.211833527918	20.0	163.0	127.0	310.0	 1
0.213454425257	20.0	162.0	128.0	310.0	 2
0.216195869886	20.0	161.0	129.0	310.0	 2
0.219746751178	20.0	160.0	130.0	310.0	 2
0.221133864371	20.0	159.0	131.0	310.0	 2
0.230028656772	20.0	158.0	132.0	310.0	 2
0.231328347812	19.0	159.0	132.0	310.0	 1
0.23139328832	19.0	158.0	133.0	310.0	 2
0.233149518834	18.0	159.0	133.0	310.0	 1
0.233665656422	18.0	158.0	134.0	310.0	 2
0.234890898655	17.0	159.0	134.0	310.0	 1
0.234912871522	17.0	158.0	135.0	310.0	 2
0.235163768966	17.0	157.0	136.0	310.0	 2
0.23619275198	16.0	158.0	136.0	310.0	 1
0.236721381804	16.0	157.0	137.0	310.0	 2
0.23861481768	16.0	156.0	138.0	310.0	 2
0.242442676622	15.0	157.0	138.0	310.0	 1
0.243054070749	15.0	156.0	139.0	310.0	 2
0.245559142264	15.0	155.0	140.0	310.0	 2
0.249285217015	15.0	154.0	141.0	310.0	 2
0.255630667681	14.0	155.0	141.0	310.0	 1
0.25933837304	13.0	156.0	141.0	310.0	 1
0.262956562823	13.0	155.0	142.0	310.0	 2
0.263923940226	13.0	154.0	143.0	310.0	 2
0.269315859228	12.0	155.0	143.0	310.0	 1
0.27537639714	12.0	154.0	144.0	310.0	 2
0.282271879448	12.0	153.0	145.0	310.0	 2
0.285681747722	12.0	152.0	146.0	310.0	 2
0.310592717079	12.0	151.0	147.0	310.0	 2
0.312093616183	12.0	150.0	148.0	310.0	 2
0.314547859607	12.0	149.0	149.0	310.0	 2
0.31788951547	12.0	148.0	150.0	310.0	 2
0.318420096336	12.0	147.0	151.0	310.0	 2
0.331929370256	12.0	146.0	152.0	310.0	 2
0.333437547094	12.0	145.0	153.0	310.0	 2
0.336364159085	12.0	144.0	154.0	310.0	 2
0.337636839493	12.0	143.0	155.0	310.0	 2
0.339658019497	12.0	142.0	156.0	310.0	 2
0.34486963795	12.0	141.0	157.0	310.0	 2
0.35111502865	12.0	140.0	158.0	310.0	 2
0.360119923139	12.0	139.0	159.0	310.0	 2
0.369439750649	12.0	138.0	160.0	310.0	 2
0.378006105974	12.0	137.0	161.0	310.0	 2
0.389542426238	12.0	136.0	162.0	310.0	 2
0.405867027495	12.0	135.0	163.0	310.0	 2
0.41597844808	11.0	136.0	163.0	310.0	 1
0.436365050895	11.0	135.0	164.0	310.0	 2
0.447200040325	11.0	134.0	165.0	310.0	 2
0.454545454545	11.0	134.0	165.0	310.0	 0
