# reactions: 2
Time	S	I	R	N	Fired Reaction
0.0	46.0	181.0	83.0	310.0	 0
0.00169587248316	46.0	180.0	84.0	310.0	 2
0.00250740140259	46.0	179.0	85.0	310.0	 2
0.00280923998817	45.0	180.0	85.0	310.0	 1
0.00299340246788	44.0	181.0	85.0	310.0	 1
0.00311909329309	43.0	182.0	85.0	310.0	 1
0.00939385525109	42.0	183.0	85.0	310.0	 1
0.00976759715351	41.0	184.0	85.0	310.0	 1
0.0118581314791	40.0	185.0	85.0	310.0	 1
0.0123700397464	39.0	186.0	85.0	310.0	 1
0.0175570469577	38.0	187.0	85.0	310.0	 1
0.0204640236266	37.0	188.0	85.0	310.0	 1
0.0217607349073	37.0	187.0	86.0	310.0	 2
0.0222217613049	36.0	188.0	86.0	310.0	 1
0.0231541180398	36.0	187.0	87.0	310.0	 2
0.0293843537785	35.0	188.0	87.0	310.0	 1
0.0305795143651	34.0	189.0	87.0	310.0	 1
0.0306836201871	33.0	190.0	87.0	310.0	 1
0.038817784852	33.0	189.0	88.0	310.0	 2
0.0392759973623	33.0	188.0	89.0	310.0	 2
0.0403744006596	32.0	189.0	89.0	310.0	 1
0.0418523034632	32.0	188.0	90.0	310.0	 2
0.043819204092	31.0	189.0	90.0	310.0	 1
0.0443713906221	30.0	190.0	90.0	310.0	 1
0.0462612859149	29.0	191.0	90.0	310.0	 1
0.0469029930911	29.0	190.0	91.0	310.0	 2
0.0512173575073	29.0	189.0	92.0	310.0	 2
0.0512338032809	28.0	190.0	92.0	310.0	 1
0.0515881358859	28.0	189.0	93.0	310.0	 2
0.0521700953484	27.0	190.0	93.0	310.0	 1
0.053177374602	27.0	189.0	94.0	310.0	 2
0.0546164159825	27.0	188.0	95.0	310.0	 2
0.0583525625159	27.0	187.0	96.0	310.0	 2
0.0633259231785	26.0	188.0	96.0	310.0	 1
0.0677971475021	26.0	187.0	97.0	310.0	 2
0.0678718229385	26.0	186.0	98.0	310.0	 2
0.0683097010731	26.0	185.0	99.0	310.0	 2
0.0722996525776	26.0	184.0	100.0	310.0	 2
0.073897703109	25.0	185.0	100.0	310.0	 1
0.0770001586493	25.0	184.0	101.0	310.0	 2
0.0822340863282	25.0	183.0	102.0	310.0	 2
0.0857349657636	25.0	182.0	103.0	310.0	 2
0.0883033631996	24.0	183.0	103.0	310.0	 1
0.0901716568226	24.0	182.0	104.0	310.0	 2
0.0916774749951	23.0	183.0	104.0	310.0	 1
0.094017862482	23.0	182.0	105.0	310.0	 2
0.0961427892408	22.0	183.0	105.0	310.0	 1
0.0965425030459	21.0	184.0	105.0	310.0	 1
0.0979273183299	20.0	185.0	105.0	310.0	 1
0.0980018486602	20.0	184.0	106.0	310.0	 2
0.0989678073745	20.0	183.0	107.0	310.0	 2
0.102240767145	19.0	184.0	107.0	310.0	 1
0.10245046846	19.0	183.0	108.0	310.0	 2
0.103764053872	18.0	184.0	108.0	310.0	 1
0.105704862693	18.0	183.0	109.0	310.0	 2
0.109757075343	18.0	182.0	110.0	310.0	 2
0.114497788341	18.0	181.0	111.0	310.0	 2
0.116074476542	17.0	182.0	111.0	310.0	 1
0.117834178708	17.0	181.0	112.0	310.0	 2
0.118817421319	17.0	180.0	113.0	310.0	 2
0.124754959969	17.0	179.0	114.0	310.0	 2
0.127004061071	16.0	180.0	114.0	310.0	 1
0.127624643826	16.0	179.0	115.0	310.0	 2
0.144450058927	15.0	180.0	115.0	310.0	 1
0.163440648994	15.0	179.0	116.0	310.0	 2
0.174347989294	15.0	178.0	117.0	310.0	 2
0.175417520213	15.0	177.0	118.0	310.0	 2
0.177489136293	15.0	176.0	119.0	310.0	 2
0.183335233723	15.0	175.0	120.0	310.0	 2
0.184503390332	15.0	174.0	121.0	310.0	 2
0.184617298826	15.0	173.0	122.0	310.0	 2
0.197308433006	15.0	172.0	123.0	310.0	 2
0.209634095757	15.0	171.0	124.0	310.0	 2
0.212762088629	15.0	170.0	125.0	310.0	 2
0.214290094059	14.0	171.0	125.0	310.0	 1
0.220120118701	13.0	172.0	125.0	310.0	 1
0.2203223755	13.0	171.0	126.0	310.0	 2
0.230647080627	13.0	170.0	127.0	310.0	 2
0.234868382842	13.0	169.0	128.0	310.0	 2
0.245279690743	12.0	170.0	128.0	310.0	 1
0.253170527244	11.0	171.0	128.0	310.0	 1
0.255023301945	11.0	170.0	129.0	310.0	 2
0.255206360653	11.0	169.0	130.0	310.0	 2
0.267419381058	11.0	168.0	131.0	310.0	 2
0.270273475931	11.0	167.0	132.0	310.0	 2
0.274608774561	11.0	166.0	133.0	310.0	 2
0.275618384496	11.0	165.0	134.0	310.0	 2
0.27806474389	11.0	164.0	135.0	310.0	 2
0.286103244497	10.0	165.0	135.0	310.0	 1
0.296436281839	10.0	164.0	136.0	310.0	 2
0.296608044144	10.0	163.0	137.0	310.0	 2
0.310569384722	9.0	164.0	137.0	310.0	 1
0.311327495905	9.0	163.0	138.0	310.0	 2
0.318707834161	9.0	162.0	139.0	310.0	 2
0.329233672931	8.0	163.0	139.0	310.0	 1
0.329533405462	8.0	162.0	140.0	310.0	 2
0.338940305475	7.0	163.0	140.0	310.0	 1
0.339965508618	7.0	162.0	141.0	310.0	 2
0.340172951479	7.0	161.0	142.0	310.0	 2
0.341284855223	7.0	160.0	143.0	310.0	 2
0.343836185099	7.0	159.0	144.0	310.0	 2
0.346244759722	7.0	158.0	145.0	310.0	 2
0.357914598245	7.0	157.0	146.0	310.0	 2
0.370701152446	7.0	156.0	147.0	310.0	 2
0.377962920618	7.0	155.0	148.0	310.0	 2
0.37930693783	7.0	154.0	149.0	310.0	 2
0.382996847641	7.0	153.0	150.0	310.0	 2
0.388640049575	7.0	152.0	151.0	310.0	 2
0.389919280911	7.0	151.0	152.0	310.0	 2
0.390190171091	7.0	150.0	153.0	310.0	 2
0.395112627779	7.0	149.0	154.0	310.0	 2
0.39813499306	6.0	150.0	154.0	310.0	 1
0.398274247982	6.0	149.0	155.0	310.0	 2
0.402713657618	6.0	148.0	156.0	310.0	 2
0.405151085544	6.0	147.0	157.0	310.0	 2
0.406401696843	5.0	148.0	157.0	310.0	 1
0.406701530333	5.0	147.0	158.0	310.0	 2
0.407102876246	5.0	146.0	159.0	310.0	 2
0.426016830497	4.0	147.0	159.0	310.0	 1
0.432305129119	4.0	146.0	160.0	310.0	 2
0.442048466055	4.0	145.0	161.0	310.0	 2
0.454545454545	4.0	145.0	161.0	310.0	 0
