# reactions: 2
Time	S	I	R	N	Fired Reaction
0.0	46.0	181.0	83.0	310.0	 0
0.000706033053727	45.0	182.0	83.0	310.0	 1
0.00101043991311	45.0	181.0	84.0	310.0	 2
0.00600705030683	45.0	180.0	85.0	310.0	 2
0.00717156129934	45.0	179.0	86.0	310.0	 2
0.0078625133745	44.0	180.0	86.0	310.0	 1
0.00826313720341	43.0	181.0	86.0	310.0	 1
0.00913251995027	43.0	180.0	87.0	310.0	 2
0.0125555849355	43.0	179.0	88.0	310.0	 2
0.0130305064486	43.0	178.0	89.0	310.0	 2
0.0180892160358	42.0	179.0	89.0	310.0	 1
0.0236606246405	41.0	180.0	89.0	310.0	 1
0.0284825225646	40.0	181.0	89.0	310.0	 1
0.0287859241952	39.0	182.0	89.0	310.0	 1
0.0337590290809	39.0	181.0	90.0	310.0	 2
0.034075578715	39.0	180.0	91.0	310.0	 2
0.0373887743671	39.0	179.0	92.0	310.0	 2
0.0393315219866	39.0	178.0	93.0	310.0	 2
0.0475689746425	39.0	177.0	94.0	310.0	 2
0.0490259688864	39.0	176.0	95.0	310.0	 2
0.050506079484	39.0	175.0	96.0	310.0	 2
0.0551605021435	39.0	174.0	97.0	310.0	 2
0.0569474785745	38.0	175.0	97.0	310.0	 1
0.060356915998	38.0	174.0	98.0	310.0	 2
0.0617812711932	37.0	175.0	98.0	310.0	 1
0.062507182784	36.0	176.0	98.0	310.0	 1
0.063968548713	35.0	177.0	98.0	310.0	 1
0.0665683264686	34.0	178.0	98.0	310.0	 1
0.0687324851345	33.0	179.0	98.0	310.0	 1
0.0695221225512	32.0	180.0	98.0	310.0	 1
0.0699940111265	32.0	179.0	99.0	310.0	 2
0.0762202477254	32.0	178.0	100.0	310.0	 2
0.0793920817345	31.0	179.0	100.0	310.0	 1
0.0891669789561	30.0	180.0	100.0	310.0	 1
0.0907439661083	29.0	181.0	100.0	310.0	 1
0.091449953218	29.0	180.0	101.0	310.0	 2
0.0938928390176	29.0	179.0	102.0	310.0	 2
0.0958200948976	29.0	178.0	103.0	310.0	 2
0.100986824264	29.0	177.0	104.0	310.0	 2
0.101124078964	29.0	176.0	105.0	310.0	 2
0.10644132323	29.0	175.0	106.0	310.0	 2
0.114742648078	29.0	174.0	107.0	310.0	 2
0.117801872926	28.0	175.0	107.0	310.0	 1
0.121403237398	27.0	176.0	107.0	310.0	 1
0.121988174241	26.0	177.0	107.0	310.0	 1
0.12213213709	26.0	176.0	108.0	310.0	 2
0.122832381657	26.0	175.0	109.0	310.0	 2
0.126322431889	25.0	176.0	109.0	310.0	 1
0.127578164193	25.0	175.0	110.0	310.0	 2
0.128434136377	24.0	176.0	110.0	310.0	 1
0.132097049854	24.0	175.0	111.0	310.0	 2
0.135883260797	24.0	174.0	112.0	310.0	 2
0.145089590131	23.0	175.0	112.0	310.0	 1
0.170691603059	23.0	174.0	113.0	310.0	 2
0.172754060301	23.0	173.0	114.0	310.0	 2
0.175447550245	22.0	174.0	114.0	310.0	 1
0.178731317943	21.0	175.0	114.0	310.0	 1
0.186531373856	21.0	174.0	115.0	310.0	 2
0.187481291683	21.0	173.0	116.0	310.0	 2
0.191906090216	20.0	174.0	116.0	310.0	 1
0.192584199722	20.0	173.0	117.0	310.0	 2
0.200761326421	19.0	174.0	117.0	310.0	 1
0.201222942406	18.0	175.0	117.0	310.0	 1
0.205431702538	18.0	174.0	118.0	310.0	 2
0.205820105805	17.0	175.0	118.0	310.0	 1
0.207289867453	16.0	176.0	118.0	310.0	 1
0.210780066014	16.0	175.0	119.0	310.0	 2
0.214342242334	16.0	174.0	120.0	310.0	 2
0.216028075645	16.0	173.0	121.0	310.0	 2
0.216534831556	16.0	172.0	122.0	310.0	 2
0.217053216405	16.0	171.0	123.0	310.0	 2
0.218020936903	16.0	170.0	124.0	310.0	 2
0.22170341502	16.0	169.0	125.0	310.0	 2
0.233803628973	16.0	168.0	126.0	310.0	 2
0.236070002095	16.0	167.0	127.0	310.0	 2
0.237905700332	16.0	166.0	128.0	310.0	 2
0.241182247368	16.0	165.0	129.0	310.0	 2
0.248229542418	16.0	164.0	130.0	310.0	 2
0.248911905894	15.0	165.0	130.0	310.0	 1
0.264476090293	15.0	164.0	131.0	310.0	 2
0.271411259179	15.0	163.0	132.0	310.0	 2
0.273144702864	14.0	164.0	132.0	310.0	 1
0.276843589527	13.0	165.0	132.0	310.0	 1
0.285310740233	13.0	164.0	133.0	310.0	 2
0.291401044525	13.0	163.0	134.0	310.0	 2
0.292179813332	13.0	162.0	135.0	310.0	 2
0.293072593253	13.0	161.0	136.0	310.0	 2
0.294767466154	13.0	160.0	137.0	310.0	 2
0.310748160847	13.0	159.0	138.0	310.0	 2
0.318943891131	13.0	158.0	139.0	310.0	 2
0.321079411823	12.0	159.0	139.0	310.0	 1
0.330323393551	12.0	158.0	140.0	310.0	 2
0.336667223459	12.0	157.0	141.0	310.0	 2
0.355470027189	12.0	156.0	142.0	310.0	 2
0.356151983624	12.0	155.0	143.0	310.0	 2
0.365030353075	12.0	154.0	144.0	310.0	 2
0.3685650102	12.0	153.0	145.0	310.0	 2
0.368760541206	12.0	152.0	146.0	310.0	 2
0.372826851207	12.0	151.0	147.0	310.0	 2
0.373277215293	11.0	152.0	147.0	310.0	 1
0.378727667667	11.0	151.0	148.0	310.0	 2
0.381442661254	10.0	152.0	148.0	310.0	 1
0.388766825341	9.0	153.0	148.0	310.0	 1
0.398465075885	9.0	152.0	149.0	310.0	 2
0.398565724158	8.0	153.0	149.0	310.0	 1
0.401566903971	8.0	152.0	150.0	310.0	 2
0.402647485646	8.0	151.0	151.0	310.0	 2
0.410117458696	8.0	150.0	152.0	310.0	 2
0.415211125528	8.0	149.0	153.0	310.0	 2
0.417502249856	8.0	148.0	154.0	310.0	 2
0.417956345058	8.0	147.0	155.0	310.0	 2
0.418840146251	8.0	146.0	156.0	310.0	 2
0.421233516851	7.0	147.0	156.0	310.0	 1
0.421724315369	7.0	146.0	157.0	310.0	 2
0.42392264939	7.0	145.0	158.0	310.0	 2
0.42711433163	7.0	144.0	159.0	310.0	 2
0.436761885186	7.0	143.0	160.0	310.0	 2
0.439503100036	7.0	142.0	161.0	310.0	 2
0.440924574112	7.0	141.0	162.0	310.0	 2
0.441419344737	7.0	140.0	163.0	310.0	 2
0.446617194433	6.0	141.0	163.0	310.0	 1
0.446806195785	6.0	140.0	164.0	310.0	 2
0.450466334811	5.0	141.0	164.0	310.0	 1
0.454545454545	5.0	141.0	164.0	310.0	 0
