# reactions: 2
Time	S	I	R	N	Fired Reaction
0.0	46.0	181.0	83.0	310.0	 0
0.000385784444258	45.0	182.0	83.0	310.0	 1
0.00475698793658	44.0	183.0	83.0	310.0	 1
0.00586331110318	44.0	182.0	84.0	310.0	 2
0.00914177356631	44.0	181.0	85.0	310.0	 2
0.0209583541397	43.0	182.0	85.0	310.0	 1
0.0322109854691	43.0	181.0	86.0	310.0	 2
0.0379265362083	42.0	182.0	86.0	310.0	 1
0.041918614508	41.0	183.0	86.0	310.0	 1
0.0463429803033	40.0	184.0	86.0	310.0	 1
0.0543709925176	39.0	185.0	86.0	310.0	 1
0.0579068564906	38.0	186.0	86.0	310.0	 1
0.066629439948	38.0	185.0	87.0	310.0	 2
0.0684152331304	38.0	184.0	88.0	310.0	 2
0.0731329720517	38.0	183.0	89.0	310.0	 2
0.0755801500909	38.0	182.0	90.0	310.0	 2
0.0768683003705	38.0	181.0	91.0	310.0	 2
0.0820240208099	38.0	180.0	92.0	310.0	 2
0.084950928894	37.0	181.0	92.0	310.0	 1
0.0859308250488	37.0	180.0	93.0	310.0	 2
0.0867773348687	36.0	181.0	93.0	310.0	 1
0.0949800164922	35.0	182.0	93.0	310.0	 1
0.0954772820594	34.0	183.0	93.0	310.0	 1
0.0967834847427	33.0	184.0	93.0	310.0	 1
0.0996051741288	33.0	183.0	94.0	310.0	 2
0.107094736916	33.0	182.0	95.0	310.0	 2
0.108940921909	33.0	181.0	96.0	310.0	 2
0.110319366391	33.0	180.0	97.0	310.0	 2
0.111376348825	32.0	181.0	97.0	310.0	 1
0.112881004678	31.0	182.0	97.0	310.0	 1
0.115084038158	31.0	181.0	98.0	310.0	 2
0.12076749628	31.0	180.0	99.0	310.0	 2
0.124838985638	30.0	181.0	99.0	310.0	 1
0.125329724293	29.0	182.0	99.0	310.0	 1
0.126095778923	29.0	181.0	100.0	310.0	 2
0.130781575782	28.0	182.0	100.0	310.0	 1
0.132191563204	28.0	181.0	101.0	310.0	 2
0.133451734808	28.0	180.0	102.0	310.0	 2
0.138037544808	28.0	179.0	103.0	310.0	 2
0.13988798495	27.0	180.0	103.0	310.0	 1
0.140298710597	27.0	179.0	104.0	310.0	 2
0.140353754729	26.0	180.0	104.0	310.0	 1
0.141743298829	26.0	179.0	105.0	310.0	 2
0.143831523331	26.0	178.0	106.0	310.0	 2
0.146310803353	26.0	177.0	107.0	310.0	 2
0.146989217925	26.0	176.0	108.0	310.0	 2
0.151587167563	26.0	175.0	109.0	310.0	 2
0.15489908512	26.0	174.0	110.0	310.0	 2
0.155316442634	26.0	173.0	111.0	310.0	 2
0.157415740998	26.0	172.0	112.0	310.0	 2
0.166189251172	26.0	171.0	113.0	310.0	 2
0.166897628982	26.0	170.0	114.0	310.0	 2
0.168185658646	25.0	171.0	114.0	310.0	 1
0.169326207665	24.0	172.0	114.0	310.0	 1
0.171613812962	24.0	171.0	115.0	310.0	 2
0.174650917581	23.0	172.0	115.0	310.0	 1
0.181855135644	23.0	171.0	116.0	310.0	 2
0.18487726857	22.0	172.0	116.0	310.0	 1
0.206130560623	22.0	171.0	117.0	310.0	 2
0.206384297595	22.0	170.0	118.0	310.0	 2
0.208868052333	22.0	169.0	119.0	310.0	 2
0.2098418686	22.0	168.0	120.0	310.0	 2
0.212804393181	21.0	169.0	120.0	310.0	 1
0.219345641387	20.0	170.0	120.0	310.0	 1
0.22084619438	20.0	169.0	121.0	310.0	 2
0.231635595663	20.0	168.0	122.0	310.0	 2
0.232213973665	20.0	167.0	123.0	310.0	 2
0.234258527861	20.0	166.0	124.0	310.0	 2
0.238048674115	19.0	167.0	124.0	310.0	 1
0.238623061885	19.0	166.0	125.0	310.0	 2
0.239393741426	19.0	165.0	126.0	310.0	 2
0.239637954653	19.0	164.0	127.0	310.0	 2
0.246170062674	19.0	163.0	128.0	310.0	 2
0.256119534996	18.0	164.0	128.0	310.0	 1
0.258308048096	18.0	163.0	129.0	310.0	 2
0.260356130122	18.0	162.0	130.0	310.0	 2
0.264609043774	18.0	161.0	131.0	310.0	 2
0.265594961443	18.0	160.0	132.0	310.0	 2
0.266029854496	18.0	159.0	133.0	310.0	 2
0.270565830027	18.0	158.0	134.0	310.0	 2
0.280521115848	18.0	157.0	135.0	310.0	 2
0.282175463309	18.0	156.0	136.0	310.0	 2
0.283265149118	18.0	155.0	137.0	310.0	 2
0.296625750428	17.0	156.0	137.0	310.0	 1
0.300187753208	17.0	155.0	138.0	310.0	 2
0.303907637572	17.0	154.0	139.0	310.0	 2
0.309929457539	17.0	153.0	140.0	310.0	 2
0.31054429202	17.0	152.0	141.0	310.0	 2
0.310577880414	17.0	151.0	142.0	310.0	 2
0.316162902257	17.0	150.0	143.0	310.0	 2
0.32366234693	17.0	149.0	144.0	310.0	 2
0.324230449391	16.0	150.0	144.0	310.0	 1
0.32771897242	16.0	149.0	145.0	310.0	 2
0.342620582203	15.0	150.0	145.0	310.0	 1
0.346814560101	14.0	151.0	145.0	310.0	 1
0.349128381998	14.0	150.0	146.0	310.0	 2
0.35046455819	14.0	149.0	147.0	310.0	 2
0.350991803669	14.0	148.0	148.0	310.0	 2
0.352149290315	14.0	147.0	149.0	310.0	 2
0.357261201933	14.0	146.0	150.0	310.0	 2
0.358997852762	14.0	145.0	151.0	310.0	 2
0.369483118226	14.0	144.0	152.0	310.0	 2
0.372740257733	14.0	143.0	153.0	310.0	 2
0.374924124499	14.0	142.0	154.0	310.0	 2
0.375625360611	14.0	141.0	155.0	310.0	 2
0.377847173701	14.0	140.0	156.0	310.0	 2
0.383644208541	14.0	139.0	157.0	310.0	 2
0.388426655825	13.0	140.0	157.0	310.0	 1
0.394034244168	13.0	139.0	158.0	310.0	 2
0.414517365096	13.0	138.0	159.0	310.0	 2
0.420914443554	13.0	137.0	160.0	310.0	 2
0.422602008879	12.0	138.0	160.0	310.0	 1
0.430983759435	12.0	137.0	161.0	310.0	 2
0.431731796197	11.0	138.0	161.0	310.0	 1
0.439618907274	11.0	137.0	162.0	310.0	 2
0.448191268609	11.0	136.0	163.0	310.0	 2
0.454545454545	11.0	136.0	163.0	310.0	 0
