# reactions: 2
Time	S	I	R	N	Fired Reaction
0.0	46.0	181.0	83.0	310.0	 0
0.000835921901635	46.0	180.0	84.0	310.0	 2
0.0019870758379	45.0	181.0	84.0	310.0	 1
0.00796436682866	44.0	182.0	84.0	310.0	 1
0.0104382155183	43.0	183.0	84.0	310.0	 1
0.0173905562804	42.0	184.0	84.0	310.0	 1
0.0193681703269	41.0	185.0	84.0	310.0	 1
0.0195311508302	41.0	184.0	85.0	310.0	 2
0.0261010019144	40.0	185.0	85.0	310.0	 1
0.0267108844708	39.0	186.0	85.0	310.0	 1
0.0279935114257	38.0	187.0	85.0	310.0	 1
0.0290659089499	37.0	188.0	85.0	310.0	 1
0.0296863799964	36.0	189.0	85.0	310.0	 1
0.0345181770377	35.0	190.0	85.0	310.0	 1
0.039979900816	35.0	189.0	86.0	310.0	 2
0.0452406090191	34.0	190.0	86.0	310.0	 1
0.0460568848172	33.0	191.0	86.0	310.0	 1
0.047901245608	32.0	192.0	86.0	310.0	 1
0.0487826937699	31.0	193.0	86.0	310.0	 1
0.0497499362078	30.0	194.0	86.0	310.0	 1
0.0532532357027	29.0	195.0	86.0	310.0	 1
0.0586997843135	29.0	194.0	87.0	310.0	 2
0.0594500364182	29.0	193.0	88.0	310.0	 2
0.0600893464378	29.0	192.0	89.0	310.0	 2
0.0618793423426	28.0	193.0	89.0	310.0	 1
0.0633329642055	27.0	194.0	89.0	310.0	 1
0.0682157308125	27.0	193.0	90.0	310.0	 2
0.0697809238163	27.0	192.0	91.0	310.0	 2
0.0703470349019	26.0	193.0	91.0	310.0	 1
0.0720946983107	26.0	192.0	92.0	310.0	 2
0.0733146916967	26.0	191.0	93.0	310.0	 2
0.0738420322843	25.0	192.0	93.0	310.0	 1
0.0770612041669	25.0	191.0	94.0	310.0	 2
0.0868697253141	24.0	192.0	94.0	310.0	 1
0.0887501439909	24.0	191.0	95.0	310.0	 2
0.0915973221875	24.0	190.0	96.0	310.0	 2
0.103526617874	23.0	191.0	96.0	310.0	 1
0.103983980644	23.0	190.0	97.0	310.0	 2
0.104478172699	23.0	189.0	98.0	310.0	 2
0.107825572115	23.0	188.0	99.0	310.0	 2
0.112646072214	23.0	187.0	100.0	310.0	 2
0.113890749738	23.0	186.0	101.0	310.0	 2
0.114904606974	22.0	187.0	101.0	310.0	 1
0.114916030471	22.0	186.0	102.0	310.0	 2
0.118539517669	22.0	185.0	103.0	310.0	 2
0.11968553568	21.0	186.0	103.0	310.0	 1
0.124495224706	20.0	187.0	103.0	310.0	 1
0.130905493064	20.0	186.0	104.0	310.0	 2
0.134878865044	20.0	185.0	105.0	310.0	 2
0.135964311135	19.0	186.0	105.0	310.0	 1
0.138351279819	19.0	185.0	106.0	310.0	 2
0.139071359485	19.0	184.0	107.0	310.0	 2
0.139589823721	19.0	183.0	108.0	310.0	 2
0.139956578353	19.0	182.0	109.0	310.0	 2
0.140305137475	19.0	181.0	110.0	310.0	 2
0.147945282033	19.0	180.0	111.0	310.0	 2
0.148253123924	19.0	179.0	112.0	310.0	 2
0.157389789552	18.0	180.0	112.0	310.0	 1
0.159771774007	18.0	179.0	113.0	310.0	 2
0.161322754524	18.0	178.0	114.0	310.0	 2
0.16271158079	18.0	177.0	115.0	310.0	 2
0.176236008497	18.0	176.0	116.0	310.0	 2
0.191578886931	18.0	175.0	117.0	310.0	 2
0.203194959589	18.0	174.0	118.0	310.0	 2
0.21037382625	18.0	173.0	119.0	310.0	 2
0.214207504316	18.0	172.0	120.0	310.0	 2
0.222991089296	18.0	171.0	121.0	310.0	 2
0.22740149996	17.0	172.0	121.0	310.0	 1
0.227845218241	17.0	171.0	122.0	310.0	 2
0.23083083512	16.0	172.0	122.0	310.0	 1
0.240187793702	16.0	171.0	123.0	310.0	 2
0.242433618982	15.0	172.0	123.0	310.0	 1
0.245828792224	15.0	171.0	124.0	310.0	 2
0.247248730888	15.0	170.0	125.0	310.0	 2
0.256047434908	15.0	169.0	126.0	310.0	 2
0.266354301762	15.0	168.0	127.0	310.0	 2
0.273887860289	15.0	167.0	128.0	310.0	 2
0.28328420453	15.0	166.0	129.0	310.0	 2
0.289407445005	15.0	165.0	130.0	310.0	 2
0.306018068745	14.0	166.0	130.0	310.0	 1
0.313167236859	13.0	167.0	130.0	310.0	 1
0.315224738501	13.0	166.0	131.0	310.0	 2
0.321719854704	13.0	165.0	132.0	310.0	 2
0.327278245712	13.0	164.0	133.0	310.0	 2
0.332323090515	12.0	165.0	133.0	310.0	 1
0.338870220131	12.0	164.0	134.0	310.0	 2
0.341150966503	12.0	163.0	135.0	310.0	 2
0.346209870134	12.0	162.0	136.0	310.0	 2
0.351869188276	12.0	161.0	137.0	310.0	 2
0.353256082429	12.0	160.0	138.0	310.0	 2
0.356728272422	12.0	159.0	139.0	310.0	 2
0.363243043823	12.0	158.0	140.0	310.0	 2
0.378125280345	12.0	157.0	141.0	310.0	 2
0.383397610665	11.0	158.0	141.0	310.0	 1
0.390343722739	11.0	157.0	142.0	310.0	 2
0.392902502508	10.0	158.0	142.0	310.0	 1
0.403278693806	10.0	157.0	143.0	310.0	 2
0.403339474382	9.0	158.0	143.0	310.0	 1
0.404855088131	9.0	157.0	144.0	310.0	 2
0.406161491871	9.0	156.0	145.0	310.0	 2
0.407034316717	9.0	155.0	146.0	310.0	 2
0.41071271478	9.0	154.0	147.0	310.0	 2
0.412843326675	9.0	153.0	148.0	310.0	 2
0.423912890022	9.0	152.0	149.0	310.0	 2
0.427449142245	9.0	151.0	150.0	310.0	 2
0.429670236374	9.0	150.0	151.0	310.0	 2
0.43526121186	9.0	149.0	152.0	310.0	 2
0.43553152569	9.0	148.0	153.0	310.0	 2
0.440046079646	9.0	147.0	154.0	310.0	 2
0.443326806537	9.0	146.0	155.0	310.0	 2
0.446131606431	9.0	145.0	156.0	310.0	 2
0.45097338705	8.0	146.0	156.0	310.0	 1
0.453737023827	7.0	147.0	156.0	310.0	 1
0.454545454545	7.0	147.0	156.0	310.0	 0
