# reactions: 2
Time	S	I	R	N	Fired Reaction
0.0	46.0	181.0	83.0	310.0	 0
0.00128763288876	45.0	182.0	83.0	310.0	 1
0.00365457501547	44.0	183.0	83.0	310.0	 1
0.00658625087106	43.0	184.0	83.0	310.0	 1
0.00692494167508	43.0	183.0	84.0	310.0	 2
0.00815562819143	43.0	182.0	85.0	310.0	 2
0.00875358245171	42.0	183.0	85.0	310.0	 1
0.010408453755	41.0	184.0	85.0	310.0	 1
0.0115824531404	41.0	183.0	86.0	310.0	 2
0.0159161993104	40.0	184.0	86.0	310.0	 1
0.0179582247759	40.0	183.0	87.0	310.0	 2
0.0199112090286	40.0	182.0	88.0	310.0	 2
0.0201325137829	40.0	181.0	89.0	310.0	 2
0.0271840226134	39.0	182.0	89.0	310.0	 1
0.0359094306874	39.0	181.0	90.0	310.0	 2
0.0378901387642	39.0	180.0	91.0	310.0	 2
0.0425264550467	38.0	181.0	91.0	310.0	 1
0.0458837034494	37.0	182.0	91.0	310.0	 1
0.0462013049156	37.0	181.0	92.0	310.0	 2
0.0467882501385	37.0	180.0	93.0	310.0	 2
0.049691842928	36.0	181.0	93.0	310.0	 1
0.0497893240133	36.0	180.0	94.0	310.0	 2
0.0544683248385	35.0	181.0	94.0	310.0	 1
0.0572870089638	34.0	182.0	94.0	310.0	 1
0.0580174631099	34.0	181.0	95.0	310.0	 2
0.0586120290183	34.0	180.0	96.0	310.0	 2
0.0652361777336	34.0	179.0	97.0	310.0	 2
0.0730534757221	34.0	178.0	98.0	310.0	 2
0.0764417961885	34.0	177.0	99.0	310.0	 2
0.0771681213896	34.0	176.0	100.0	310.0	 2
0.0784959796476	33.0	177.0	100.0	310.0	 1
0.0838040274055	32.0	178.0	100.0	310.0	 1
0.0849569010109	31.0	179.0	100.0	310.0	 1
0.0870681611821	31.0	178.0	101.0	310.0	 2
0.0916013155442	31.0	177.0	102.0	310.0	 2
0.0937925721034	31.0	176.0	103.0	310.0	 2
0.0949352205976	30.0	177.0	103.0	310.0	 1
0.0954834496234	29.0	178.0	103.0	310.0	 1
0.101058835275	29.0	177.0	104.0	310.0	 2
0.103541479579	28.0	178.0	104.0	310.0	 1
0.106271679139	27.0	179.0	104.0	310.0	 1
0.110057916486	27.0	178.0	105.0	310.0	 2
0.11283404027	27.0	177.0	106.0	310.0	 2
0.113806559872	27.0	176.0	107.0	310.0	 2
0.115088935486	27.0	175.0	108.0	310.0	 2
0.116460875803	27.0	174.0	109.0	310.0	 2
0.11712603849	27.0	173.0	110.0	310.0	 2
0.122888262914	26.0	174.0	110.0	310.0	 1
0.124234297722	26.0	173.0	111.0	310.0	 2
0.132563403791	26.0	172.0	112.0	310.0	 2
0.132908995826	26.0	171.0	113.0	310.0	 2
0.1364755266	25.0	172.0	113.0	310.0	 1
0.137827196399	24.0	173.0	113.0	310.0	 1
0.138764095512	24.0	172.0	114.0	310.0	 2
0.146850426091	24.0	171.0	115.0	310.0	 2
0.148945512124	24.0	170.0	116.0	310.0	 2
0.159578788565	24.0	169.0	117.0	310.0	 2
0.163075286645	23.0	170.0	117.0	310.0	 1
0.16336560513	23.0	169.0	118.0	310.0	 2
0.166514112847	23.0	168.0	119.0	310.0	 2
0.170541448784	22.0	169.0	119.0	310.0	 1
0.179749772241	21.0	170.0	119.0	310.0	 1
0.184119697902	21.0	169.0	120.0	310.0	 2
0.190055769465	21.0	168.0	121.0	310.0	 2
0.194285072655	20.0	169.0	121.0	310.0	 1
0.197171858115	20.0	168.0	122.0	310.0	 2
0.197520097457	20.0	167.0	123.0	310.0	 2
0.198509926622	19.0	168.0	123.0	310.0	 1
0.198543148324	19.0	167.0	124.0	310.0	 2
0.207187277794	18.0	168.0	124.0	310.0	 1
0.210588190462	18.0	167.0	125.0	310.0	 2
0.21126292746	18.0	166.0	126.0	310.0	 2
0.218667068542	18.0	165.0	127.0	310.0	 2
0.219576754784	17.0	166.0	127.0	310.0	 1
0.222929641665	16.0	167.0	127.0	310.0	 1
0.224310952988	16.0	166.0	128.0	310.0	 2
0.230045478915	15.0	167.0	128.0	310.0	 1
0.23097712868	15.0	166.0	129.0	310.0	 2
0.231263605269	15.0	165.0	130.0	310.0	 2
0.232474778045	15.0	164.0	131.0	310.0	 2
0.241419164173	14.0	165.0	131.0	310.0	 1
0.249478322085	14.0	164.0	132.0	310.0	 2
0.252325811472	14.0	163.0	133.0	310.0	 2
0.253734360772	14.0	162.0	134.0	310.0	 2
0.256707838071	13.0	163.0	134.0	310.0	 1
0.257074932221	13.0	162.0	135.0	310.0	 2
0.257405937453	12.0	163.0	135.0	310.0	 1
0.259977957991	12.0	162.0	136.0	310.0	 2
0.264018944263	11.0	163.0	136.0	310.0	 1
0.271876855572	11.0	162.0	137.0	310.0	 2
0.275625555718	11.0	161.0	138.0	310.0	 2
0.279149515955	11.0	160.0	139.0	310.0	 2
0.284405929713	11.0	159.0	140.0	310.0	 2
0.286519954676	11.0	158.0	141.0	310.0	 2
0.287998549498	11.0	157.0	142.0	310.0	 2
0.297063673121	10.0	158.0	142.0	310.0	 1
0.297979572623	10.0	157.0	143.0	310.0	 2
0.310649842572	10.0	156.0	144.0	310.0	 2
0.325968516756	10.0	155.0	145.0	310.0	 2
0.326924735842	10.0	154.0	146.0	310.0	 2
0.331481604773	10.0	153.0	147.0	310.0	 2
0.33626324848	9.0	154.0	147.0	310.0	 1
0.342783544685	9.0	153.0	148.0	310.0	 2
0.349634535944	9.0	152.0	149.0	310.0	 2
0.354913185775	9.0	151.0	150.0	310.0	 2
0.363661997944	8.0	152.0	150.0	310.0	 1
0.368340047228	8.0	151.0	151.0	310.0	 2
0.368890881662	8.0	150.0	152.0	310.0	 2
0.375438843267	8.0	149.0	153.0	310.0	 2
0.378669985183	8.0	148.0	154.0	310.0	 2
0.383325107012	8.0	147.0	155.0	310.0	 2
0.385390925704	8.0	146.0	156.0	310.0	 2
0.386525483465	8.0	145.0	157.0	310.0	 2
0.391003271157	8.0	144.0	158.0	310.0	 2
0.40525878007	8.0	143.0	159.0	310.0	 2
0.406155900476	7.0	144.0	159.0	310.0	 1
0.417518273689	7.0	143.0	160.0	310.0	 2
0.428559808909	7.0	142.0	161.0	310.0	 2
0.429736473164	7.0	141.0	162.0	310.0	 2
0.436078845998	7.0	140.0	163.0	310.0	 2
0.440268466174	7.0	139.0	164.0	310.0	 2
0.440640320248	7.0	138.0	165.0	310.0	 2
0.445842393786	7.0	137.0	166.0	310.0	 2
0.454545454545	7.0	137.0	166.0	310.0	 0
