# reactions: 2
Time	S	I	R	N	Fired Reaction
0.0	46.0	181.0	83.0	310.0	 0
0.00351815650337	45.0	182.0	83.0	310.0	 1
0.00482728671523	45.0	181.0	84.0	310.0	 2
0.00969172159859	45.0	180.0	85.0	310.0	 2
0.00999752605781	45.0	179.0	86.0	310.0	 2
0.0109627424694	45.0	178.0	87.0	310.0	 2
0.0121059113216	44.0	179.0	87.0	310.0	 1
0.0139600535994	43.0	180.0	87.0	310.0	 1
0.0173614737735	43.0	179.0	88.0	310.0	 2
0.0180499194337	43.0	178.0	89.0	310.0	 2
0.0183224746024	42.0	179.0	89.0	310.0	 1
0.0197011721481	41.0	180.0	89.0	310.0	 1
0.021941312954	41.0	179.0	90.0	310.0	 2
0.0263424411607	40.0	180.0	90.0	310.0	 1
0.0267008150846	39.0	181.0	90.0	310.0	 1
0.0274552573852	38.0	182.0	90.0	310.0	 1
0.0278034611701	38.0	181.0	91.0	310.0	 2
0.0309292531059	37.0	182.0	91.0	310.0	 1
0.0350218479612	37.0	181.0	92.0	310.0	 2
0.0354849213259	36.0	182.0	92.0	310.0	 1
0.042098245242	35.0	183.0	92.0	310.0	 1
0.0470545417793	34.0	184.0	92.0	310.0	 1
0.0490566031529	33.0	185.0	92.0	310.0	 1
0.0501842274277	33.0	184.0	93.0	310.0	 2
0.0543529921462	32.0	185.0	93.0	310.0	 1
0.0545553376939	32.0	184.0	94.0	310.0	 2
0.0549875533065	32.0	183.0	95.0	310.0	 2
0.0617164084687	32.0	182.0	96.0	310.0	 2
0.0621291595973	32.0	181.0	97.0	310.0	 2
0.0637627163894	32.0	180.0	98.0	310.0	 2
0.0668651217156	32.0	179.0	99.0	310.0	 2
0.0695106602391	31.0	180.0	99.0	310.0	 1
0.0698661939136	31.0	179.0	100.0	310.0	 2
0.0769915194122	31.0	178.0	101.0	310.0	 2
0.0771011617785	30.0	179.0	101.0	310.0	 1
0.0783590432868	30.0	178.0	102.0	310.0	 2
0.0792040120809	30.0	177.0	103.0	310.0	 2
0.0800971074079	29.0	178.0	103.0	310.0	 1
0.0847108878718	28.0	179.0	103.0	310.0	 1
0.0861180253425	27.0	180.0	103.0	310.0	 1
0.0897248177163	27.0	179.0	104.0	310.0	 2
0.0902840929429	26.0	180.0	104.0	310.0	 1
0.101084097645	26.0	179.0	105.0	310.0	 2
0.101246069011	26.0	178.0	106.0	310.0	 2
0.103746881266	26.0	177.0	107.0	310.0	 2
0.104906562842	25.0	178.0	107.0	310.0	 1
0.107651055992	24.0	179.0	107.0	310.0	 1
0.110187846761	23.0	180.0	107.0	310.0	 1
0.116958542954	22.0	181.0	107.0	310.0	 1
0.120001460513	21.0	182.0	107.0	310.0	 1
0.124876914449	20.0	183.0	107.0	310.0	 1
0.126192848208	20.0	182.0	108.0	310.0	 2
0.127149726893	19.0	183.0	108.0	310.0	 1
0.127300187879	18.0	184.0	108.0	310.0	 1
0.129939457372	18.0	183.0	109.0	310.0	 2
0.131301027691	18.0	182.0	110.0	310.0	 2
0.140469228371	18.0	181.0	111.0	310.0	 2
0.141528509765	18.0	180.0	112.0	310.0	 2
0.1453759583	18.0	179.0	113.0	310.0	 2
0.150033685548	18.0	178.0	114.0	310.0	 2
0.154550954267	18.0	177.0	115.0	310.0	 2
0.157020781561	18.0	176.0	116.0	310.0	 2
0.159780561249	17.0	177.0	116.0	310.0	 1
0.160384444772	16.0	178.0	116.0	310.0	 1
0.160422265017	16.0	177.0	117.0	310.0	 2
0.169023400862	16.0	176.0	118.0	310.0	 2
0.177161614722	15.0	177.0	118.0	310.0	 1
0.184554570669	15.0	176.0	119.0	310.0	 2
0.189423374299	15.0	175.0	120.0	310.0	 2
0.191156939095	15.0	174.0	121.0	310.0	 2
0.197578968167	15.0	173.0	122.0	310.0	 2
0.200437890909	14.0	174.0	122.0	310.0	 1
0.210044758998	14.0	173.0	123.0	310.0	 2
0.212002753324	13.0	174.0	123.0	310.0	 1
0.215158631646	13.0	173.0	124.0	310.0	 2
0.218135483135	12.0	174.0	124.0	310.0	 1
0.220349082554	12.0	173.0	125.0	310.0	 2
0.222556166987	12.0	172.0	126.0	310.0	 2
0.224614486789	12.0	171.0	127.0	310.0	 2
0.227021928333	12.0	170.0	128.0	310.0	 2
0.228334189011	12.0	169.0	129.0	310.0	 2
0.230231919248	12.0	168.0	130.0	310.0	 2
0.233104250018	12.0	167.0	131.0	310.0	 2
0.24266339218	11.0	168.0	131.0	310.0	 1
0.24621320267	11.0	167.0	132.0	310.0	 2
0.249187455414	11.0	166.0	133.0	310.0	 2
0.253907112679	11.0	165.0	134.0	310.0	 2
0.264289081316	11.0	164.0	135.0	310.0	 2
0.265908377453	11.0	163.0	136.0	310.0	 2
0.273744645075	11.0	162.0	137.0	310.0	 2
0.28084889448	11.0	161.0	138.0	310.0	 2
0.293434211656	10.0	162.0	138.0	310.0	 1
0.296838383457	9.0	163.0	138.0	310.0	 1
0.296872011949	9.0	162.0	139.0	310.0	 2
0.298571933077	9.0	161.0	140.0	310.0	 2
0.299263693145	8.0	162.0	140.0	310.0	 1
0.306506671972	7.0	163.0	140.0	310.0	 1
0.314968393776	6.0	164.0	140.0	310.0	 1
0.322307213787	6.0	163.0	141.0	310.0	 2
0.331068837446	6.0	162.0	142.0	310.0	 2
0.336352237727	5.0	163.0	142.0	310.0	 1
0.339455380003	5.0	162.0	143.0	310.0	 2
0.343698804477	5.0	161.0	144.0	310.0	 2
0.347454590688	5.0	160.0	145.0	310.0	 2
0.347750346676	5.0	159.0	146.0	310.0	 2
0.34830218461	5.0	158.0	147.0	310.0	 2
0.351939112843	5.0	157.0	148.0	310.0	 2
0.359027038809	5.0	156.0	149.0	310.0	 2
0.359381817575	5.0	155.0	150.0	310.0	 2
0.365755067567	5.0	154.0	151.0	310.0	 2
0.367610217266	5.0	153.0	152.0	310.0	 2
0.368856563948	5.0	152.0	153.0	310.0	 2
0.379640421064	5.0	151.0	154.0	310.0	 2
0.39887401259	5.0	150.0	155.0	310.0	 2
0.405970835103	5.0	149.0	156.0	310.0	 2
0.409837462315	5.0	148.0	157.0	310.0	 2
0.410212539928	5.0	147.0	158.0	310.0	 2
0.419018809465	5.0	146.0	159.0	310.0	 2
0.441803656405	5.0	145.0	160.0	310.0	 2
0.442058923861	4.0	146.0	160.0	310.0	 1
0.452635521894	4.0	145.0	161.0	310.0	 2
0.453449107536	4.0	144.0	162.0	310.0	 2
0.454545454545	4.0	144.0	162.0	310.0	 0
