# reactions: 2
Time	S	I	R	N	Fired Reaction
0.0	46.0	181.0	83.0	310.0	 0
0.000492707910648	45.0	182.0	83.0	310.0	 1
0.00393540124437	44.0	183.0	83.0	310.0	 1
0.0042704770751	43.0	184.0	83.0	310.0	 1
0.00522017384437	42.0	185.0	83.0	310.0	 1
0.00551894964658	41.0	186.0	83.0	310.0	 1
0.0141533767636	40.0	187.0	83.0	310.0	 1
0.0154645649039	39.0	188.0	83.0	310.0	 1
0.0176709278388	39.0	187.0	84.0	310.0	 2
0.0184222933271	38.0	188.0	84.0	310.0	 1
0.0189379867549	38.0	187.0	85.0	310.0	 2
0.0329102875418	38.0	186.0	86.0	310.0	 2
0.0336156391402	38.0	185.0	87.0	310.0	 2
0.0409408768695	37.0	186.0	87.0	310.0	 1
0.0411019696744	37.0	185.0	88.0	310.0	 2
0.0424574519633	36.0	186.0	88.0	310.0	 1
0.0436092828096	36.0	185.0	89.0	310.0	 2
0.0488905562777	36.0	184.0	90.0	310.0	 2
0.0500640777698	35.0	185.0	90.0	310.0	 1
0.0520965356975	34.0	186.0	90.0	310.0	 1
0.0531645142126	33.0	187.0	90.0	310.0	 1
0.0532013296991	33.0	186.0	91.0	310.0	 2
0.0547574582111	33.0	185.0	92.0	310.0	 2
0.0602317624306	33.0	184.0	93.0	310.0	 2
0.0604415507031	32.0	185.0	93.0	310.0	 1
0.0644763659578	32.0	184.0	94.0	310.0	 2
0.0666885838649	32.0	183.0	95.0	310.0	 2
0.0676045424646	31.0	184.0	95.0	310.0	 1
0.0696470274279	31.0	183.0	96.0	310.0	 2
0.0710829349392	30.0	184.0	96.0	310.0	 1
0.0756131714356	30.0	183.0	97.0	310.0	 2
0.0865020045031	29.0	184.0	97.0	310.0	 1
0.0894282662137	28.0	185.0	97.0	310.0	 1
0.0901479706724	27.0	186.0	97.0	310.0	 1
0.0912794979541	27.0	185.0	98.0	310.0	 2
0.0916015829357	26.0	186.0	98.0	310.0	 1
0.0918045384998	25.0	187.0	98.0	310.0	 1
0.0927249600365	24.0	188.0	98.0	310.0	 1
0.0933451953664	24.0	187.0	99.0	310.0	 2
0.0978428135124	23.0	188.0	99.0	310.0	 1
0.1003473272	23.0	187.0	100.0	310.0	 2
0.10095462124	23.0	186.0	101.0	310.0	 2
0.102463205431	23.0	185.0	102.0	310.0	 2
0.108077305543	23.0	184.0	103.0	310.0	 2
0.122741088244	22.0	185.0	103.0	310.0	 1
0.124275364839	21.0	186.0	103.0	310.0	 1
0.126276386407	21.0	185.0	104.0	310.0	 2
0.126467607898	20.0	186.0	104.0	310.0	 1
0.132662470388	19.0	187.0	104.0	310.0	 1
0.132680023271	19.0	186.0	105.0	310.0	 2
0.134308904234	19.0	185.0	106.0	310.0	 2
0.142846293034	19.0	184.0	107.0	310.0	 2
0.154282179481	19.0	183.0	108.0	310.0	 2
0.159659932226	19.0	182.0	109.0	310.0	 2
0.160527598246	19.0	181.0	110.0	310.0	 2
0.165259888936	19.0	180.0	111.0	310.0	 2
0.169214821234	19.0	179.0	112.0	310.0	 2
0.170788485492	19.0	178.0	113.0	310.0	 2
0.174092184471	18.0	179.0	113.0	310.0	 1
0.174237245682	18.0	178.0	114.0	310.0	 2
0.174358292693	18.0	177.0	115.0	310.0	 2
0.175601097807	17.0	178.0	115.0	310.0	 1
0.177403248381	16.0	179.0	115.0	310.0	 1
0.179265147213	16.0	178.0	116.0	310.0	 2
0.182267795871	16.0	177.0	117.0	310.0	 2
0.182922658594	15.0	178.0	117.0	310.0	 1
0.186750491211	15.0	177.0	118.0	310.0	 2
0.187003641594	14.0	178.0	118.0	310.0	 1
0.189286155244	14.0	177.0	119.0	310.0	 2
0.191232534808	13.0	178.0	119.0	310.0	 1
0.196391632781	13.0	177.0	120.0	310.0	 2
0.19885764317	12.0	178.0	120.0	310.0	 1
0.200165938111	12.0	177.0	121.0	310.0	 2
0.204283394392	12.0	176.0	122.0	310.0	 2
0.207620535554	12.0	175.0	123.0	310.0	 2
0.208137360707	12.0	174.0	124.0	310.0	 2
0.208293354782	11.0	175.0	124.0	310.0	 1
0.213108148504	11.0	174.0	125.0	310.0	 2
0.218532360392	11.0	173.0	126.0	310.0	 2
0.219255717079	11.0	172.0	127.0	310.0	 2
0.223953857083	11.0	171.0	128.0	310.0	 2
0.22428315385	11.0	170.0	129.0	310.0	 2
0.228168789945	10.0	171.0	129.0	310.0	 1
0.22824517204	10.0	170.0	130.0	310.0	 2
0.22937067363	10.0	169.0	131.0	310.0	 2
0.240173979241	9.0	170.0	131.0	310.0	 1
0.259936244142	9.0	169.0	132.0	310.0	 2
0.271935798073	9.0	168.0	133.0	310.0	 2
0.275569842258	8.0	169.0	133.0	310.0	 1
0.275730714958	8.0	168.0	134.0	310.0	 2
0.276696018843	8.0	167.0	135.0	310.0	 2
0.277781423268	8.0	166.0	136.0	310.0	 2
0.278984513636	8.0	165.0	137.0	310.0	 2
0.284125657027	8.0	164.0	138.0	310.0	 2
0.285540044541	8.0	163.0	139.0	310.0	 2
0.289776738171	8.0	162.0	140.0	310.0	 2
0.290979601706	8.0	161.0	141.0	310.0	 2
0.292063414434	8.0	160.0	142.0	310.0	 2
0.295061447697	8.0	159.0	143.0	310.0	 2
0.298863446756	8.0	158.0	144.0	310.0	 2
0.305248595522	8.0	157.0	145.0	310.0	 2
0.318952663939	8.0	156.0	146.0	310.0	 2
0.333407258266	8.0	155.0	147.0	310.0	 2
0.333664186428	8.0	154.0	148.0	310.0	 2
0.338487203766	8.0	153.0	149.0	310.0	 2
0.357568252637	8.0	152.0	150.0	310.0	 2
0.363401605229	8.0	151.0	151.0	310.0	 2
0.371697084446	8.0	150.0	152.0	310.0	 2
0.38196195365	8.0	149.0	153.0	310.0	 2
0.392057327582	8.0	148.0	154.0	310.0	 2
0.392414965087	8.0	147.0	155.0	310.0	 2
0.398304502348	7.0	148.0	155.0	310.0	 1
0.40019948181	7.0	147.0	156.0	310.0	 2
0.404102140196	7.0	146.0	157.0	310.0	 2
0.414435310554	6.0	147.0	157.0	310.0	 1
0.42433629762	6.0	146.0	158.0	310.0	 2
0.443440386965	6.0	145.0	159.0	310.0	 2
0.443626263251	6.0	144.0	160.0	310.0	 2
0.454545454545	6.0	144.0	160.0	310.0	 0
