# reactions: 2
Time	S	I	R	N	Fired Reaction
0.0	46.0	181.0	83.0	310.0	 0
0.00332606237369	45.0	182.0	83.0	310.0	 1
0.00630792431416	45.0	181.0	84.0	310.0	 2
0.0112178629095	44.0	182.0	84.0	310.0	 1
0.0120053037036	44.0	181.0	85.0	310.0	 2
0.0203563029456	43.0	182.0	85.0	310.0	 1
0.0237947629857	43.0	181.0	86.0	310.0	 2
0.0297976887421	42.0	182.0	86.0	310.0	 1
0.0306226835958	42.0	181.0	87.0	310.0	 2
0.0346935931678	41.0	182.0	87.0	310.0	 1
0.037934418275	40.0	183.0	87.0	310.0	 1
0.0394778276399	39.0	184.0	87.0	310.0	 1
0.0434834940557	39.0	183.0	88.0	310.0	 2
0.0442533168712	38.0	184.0	88.0	310.0	 1
0.0451279412759	38.0	183.0	89.0	310.0	 2
0.0485058223061	37.0	184.0	89.0	310.0	 1
0.0514558072621	36.0	185.0	89.0	310.0	 1
0.0521326779596	35.0	186.0	89.0	310.0	 1
0.0539885584823	35.0	185.0	90.0	310.0	 2
0.0551559854553	35.0	184.0	91.0	310.0	 2
0.0563379342438	35.0	183.0	92.0	310.0	 2
0.0577391968472	35.0	182.0	93.0	310.0	 2
0.0635415536813	35.0	181.0	94.0	310.0	 2
0.0669726300409	34.0	182.0	94.0	310.0	 1
0.0686910577165	34.0	181.0	95.0	310.0	 2
0.0703580565947	34.0	180.0	96.0	310.0	 2
0.0707888285355	34.0	179.0	97.0	310.0	 2
0.0786573927113	33.0	180.0	97.0	310.0	 1
0.0792502786089	32.0	181.0	97.0	310.0	 1
0.0829308466577	31.0	182.0	97.0	310.0	 1
0.0836834844469	30.0	183.0	97.0	310.0	 1
0.0933148097209	30.0	182.0	98.0	310.0	 2
0.0945583856946	30.0	181.0	99.0	310.0	 2
0.0956304994802	30.0	180.0	100.0	310.0	 2
0.0965922009701	29.0	181.0	100.0	310.0	 1
0.111710541697	28.0	182.0	100.0	310.0	 1
0.119710915094	28.0	181.0	101.0	310.0	 2
0.121786495034	28.0	180.0	102.0	310.0	 2
0.123414387445	27.0	181.0	102.0	310.0	 1
0.125725705619	26.0	182.0	102.0	310.0	 1
0.133388568959	25.0	183.0	102.0	310.0	 1
0.13762784135	24.0	184.0	102.0	310.0	 1
0.142333326087	24.0	183.0	103.0	310.0	 2
0.142952338765	24.0	182.0	104.0	310.0	 2
0.144898341852	24.0	181.0	105.0	310.0	 2
0.148522480507	23.0	182.0	105.0	310.0	 1
0.149259094683	23.0	181.0	106.0	310.0	 2
0.150170246691	22.0	182.0	106.0	310.0	 1
0.150787836965	22.0	181.0	107.0	310.0	 2
0.157623486882	22.0	180.0	108.0	310.0	 2
0.158394560615	21.0	181.0	108.0	310.0	 1
0.162108088118	20.0	182.0	108.0	310.0	 1
0.164106719701	20.0	181.0	109.0	310.0	 2
0.164564087525	20.0	180.0	110.0	310.0	 2
0.165185168917	19.0	181.0	110.0	310.0	 1
0.182711413809	19.0	180.0	111.0	310.0	 2
0.188993790196	19.0	179.0	112.0	310.0	 2
0.190743595173	19.0	178.0	113.0	310.0	 2
0.195020657918	19.0	177.0	114.0	310.0	 2
0.202967839812	19.0	176.0	115.0	310.0	 2
0.203028635487	18.0	177.0	115.0	310.0	 1
0.208401910454	18.0	176.0	116.0	310.0	 2
0.210264938051	17.0	177.0	116.0	310.0	 1
0.221972281085	17.0	176.0	117.0	310.0	 2
0.222323729859	16.0	177.0	117.0	310.0	 1
0.228331116372	15.0	178.0	117.0	310.0	 1
0.228664643593	15.0	177.0	118.0	310.0	 2
0.230187858758	14.0	178.0	118.0	310.0	 1
0.23081479417	14.0	177.0	119.0	310.0	 2
0.239036331363	13.0	178.0	119.0	310.0	 1
0.240439691656	12.0	179.0	119.0	310.0	 1
0.244510231384	12.0	178.0	120.0	310.0	 2
0.248684118344	12.0	177.0	121.0	310.0	 2
0.250735059607	12.0	176.0	122.0	310.0	 2
0.25216242384	12.0	175.0	123.0	310.0	 2
0.254382840015	11.0	176.0	123.0	310.0	 1
0.264728563415	11.0	175.0	124.0	310.0	 2
0.267092212723	11.0	174.0	125.0	310.0	 2
0.271450119811	11.0	173.0	126.0	310.0	 2
0.277049956868	11.0	172.0	127.0	310.0	 2
0.282149797584	10.0	173.0	127.0	310.0	 1
0.283832136265	10.0	172.0	128.0	310.0	 2
0.288951882237	9.0	173.0	128.0	310.0	 1
0.290075377525	9.0	172.0	129.0	310.0	 2
0.307002354061	9.0	171.0	130.0	310.0	 2
0.312222744289	8.0	172.0	130.0	310.0	 1
0.319255063659	7.0	173.0	130.0	310.0	 1
0.323325144876	7.0	172.0	131.0	310.0	 2
0.323545531524	7.0	171.0	132.0	310.0	 2
0.336236364519	7.0	170.0	133.0	310.0	 2
0.340621065206	7.0	169.0	134.0	310.0	 2
0.341437655185	7.0	168.0	135.0	310.0	 2
0.35135098888	7.0	167.0	136.0	310.0	 2
0.357427768221	7.0	166.0	137.0	310.0	 2
0.357790150774	7.0	165.0	138.0	310.0	 2
0.359737425803	6.0	166.0	138.0	310.0	 1
0.363169305232	6.0	165.0	139.0	310.0	 2
0.363420941088	6.0	164.0	140.0	310.0	 2
0.37672326859	6.0	163.0	141.0	310.0	 2
0.378021791388	6.0	162.0	142.0	310.0	 2
0.383232093778	6.0	161.0	143.0	310.0	 2
0.383512040022	6.0	160.0	144.0	310.0	 2
0.397477825474	5.0	161.0	144.0	310.0	 1
0.398487390422	5.0	160.0	145.0	310.0	 2
0.39858254889	5.0	159.0	146.0	310.0	 2
0.402795223979	5.0	158.0	147.0	310.0	 2
0.403890021567	5.0	157.0	148.0	310.0	 2
0.41091163754	5.0	156.0	149.0	310.0	 2
0.412999770479	5.0	155.0	150.0	310.0	 2
0.417225912976	4.0	156.0	150.0	310.0	 1
0.425905502423	4.0	155.0	151.0	310.0	 2
0.449609120204	4.0	154.0	152.0	310.0	 2
0.450493815678	4.0	153.0	153.0	310.0	 2
0.454545454545	4.0	153.0	153.0	310.0	 0
