# reactions: 2
Time	S	I	R	N	Fired Reaction
0.0	46.0	181.0	83.0	310.0	 0
0.0057747293101	45.0	182.0	83.0	310.0	 1
0.00676500666395	44.0	183.0	83.0	310.0	 1
0.00854554624154	44.0	182.0	84.0	310.0	 2
0.00892713743124	44.0	181.0	85.0	310.0	 2
0.011235825605	44.0	180.0	86.0	310.0	 2
0.0114077800448	43.0	181.0	86.0	310.0	 1
0.0126138233291	43.0	180.0	87.0	310.0	 2
0.0126230535299	42.0	181.0	87.0	310.0	 1
0.0173483346295	42.0	180.0	88.0	310.0	 2
0.0206195780833	42.0	179.0	89.0	310.0	 2
0.0254735225739	42.0	178.0	90.0	310.0	 2
0.0310724461629	42.0	177.0	91.0	310.0	 2
0.0312023542087	41.0	178.0	91.0	310.0	 1
0.0347302371816	40.0	179.0	91.0	310.0	 1
0.0404192314033	39.0	180.0	91.0	310.0	 1
0.0416092230803	39.0	179.0	92.0	310.0	 2
0.044951559947	38.0	180.0	92.0	310.0	 1
0.0521144683559	38.0	179.0	93.0	310.0	 2
0.0572696356662	38.0	178.0	94.0	310.0	 2
0.0618111461656	37.0	179.0	94.0	310.0	 1
0.0624526450944	36.0	180.0	94.0	310.0	 1
0.0628732399538	36.0	179.0	95.0	310.0	 2
0.0671052936493	36.0	178.0	96.0	310.0	 2
0.0715308585051	35.0	179.0	96.0	310.0	 1
0.0742325050566	34.0	180.0	96.0	310.0	 1
0.0779383866162	34.0	179.0	97.0	310.0	 2
0.0783269503909	33.0	180.0	97.0	310.0	 1
0.0801296911662	32.0	181.0	97.0	310.0	 1
0.0803026336977	32.0	180.0	98.0	310.0	 2
0.0809472425945	31.0	181.0	98.0	310.0	 1
0.0832312677	31.0	180.0	99.0	310.0	 2
0.0871302317635	31.0	179.0	100.0	310.0	 2
0.0874039167682	30.0	180.0	100.0	310.0	 1
0.0937995134262	30.0	179.0	101.0	310.0	 2
0.101272463569	30.0	178.0	102.0	310.0	 2
0.10425557446	30.0	177.0	103.0	310.0	 2
0.104783182794	29.0	178.0	103.0	310.0	 1
0.111679329679	28.0	179.0	103.0	310.0	 1
0.114954452552	28.0	178.0	104.0	310.0	 2
0.115471592691	28.0	177.0	105.0	310.0	 2
0.123799505379	27.0	178.0	105.0	310.0	 1
0.134378692409	26.0	179.0	105.0	310.0	 1
0.138040643525	26.0	178.0	106.0	310.0	 2
0.14481202177	26.0	177.0	107.0	310.0	 2
0.14776891678	25.0	178.0	107.0	310.0	 1
0.148058233703	25.0	177.0	108.0	310.0	 2
0.155248119819	25.0	176.0	109.0	310.0	 2
0.1572705589	25.0	175.0	110.0	310.0	 2
0.157714618259	24.0	176.0	110.0	310.0	 1
0.161562922874	24.0	175.0	111.0	310.0	 2
0.164788174704	24.0	174.0	112.0	310.0	 2
0.164884567616	24.0	173.0	113.0	310.0	 2
0.167360118044	24.0	172.0	114.0	310.0	 2
0.170340051265	24.0	171.0	115.0	310.0	 2
0.1721913042	24.0	170.0	116.0	310.0	 2
0.177615633689	24.0	169.0	117.0	310.0	 2
0.178135011674	23.0	170.0	117.0	310.0	 1
0.178437460969	22.0	171.0	117.0	310.0	 1
0.184217351224	22.0	170.0	118.0	310.0	 2
0.190406295056	22.0	169.0	119.0	310.0	 2
0.190717010134	21.0	170.0	119.0	310.0	 1
0.191367503579	21.0	169.0	120.0	310.0	 2
0.191486958928	20.0	170.0	120.0	310.0	 1
0.19309101894	20.0	169.0	121.0	310.0	 2
0.194993795473	20.0	168.0	122.0	310.0	 2
0.200460897351	19.0	169.0	122.0	310.0	 1
0.215175649122	18.0	170.0	122.0	310.0	 1
0.223342544246	18.0	169.0	123.0	310.0	 2
0.224619324013	18.0	168.0	124.0	310.0	 2
0.22780301936	18.0	167.0	125.0	310.0	 2
0.236274357599	18.0	166.0	126.0	310.0	 2
0.237689082839	17.0	167.0	126.0	310.0	 1
0.239473437994	16.0	168.0	126.0	310.0	 1
0.242809565704	15.0	169.0	126.0	310.0	 1
0.245930426235	15.0	168.0	127.0	310.0	 2
0.248919320855	15.0	167.0	128.0	310.0	 2
0.254950758791	14.0	168.0	128.0	310.0	 1
0.260516242608	14.0	167.0	129.0	310.0	 2
0.275001729605	14.0	166.0	130.0	310.0	 2
0.275885259845	14.0	165.0	131.0	310.0	 2
0.276408783346	14.0	164.0	132.0	310.0	 2
0.281328820687	14.0	163.0	133.0	310.0	 2
0.284967021712	14.0	162.0	134.0	310.0	 2
0.287361814703	14.0	161.0	135.0	310.0	 2
0.289908977784	14.0	160.0	136.0	310.0	 2
0.290956358172	13.0	161.0	136.0	310.0	 1
0.293202726217	12.0	162.0	136.0	310.0	 1
0.293634488773	12.0	161.0	137.0	310.0	 2
0.295192086242	12.0	160.0	138.0	310.0	 2
0.299351526197	12.0	159.0	139.0	310.0	 2
0.30881337951	12.0	158.0	140.0	310.0	 2
0.309693268535	12.0	157.0	141.0	310.0	 2
0.310841790128	12.0	156.0	142.0	310.0	 2
0.311482779192	12.0	155.0	143.0	310.0	 2
0.327733076521	12.0	154.0	144.0	310.0	 2
0.331995330641	11.0	155.0	144.0	310.0	 1
0.336628280427	11.0	154.0	145.0	310.0	 2
0.338666570034	11.0	153.0	146.0	310.0	 2
0.347131869611	11.0	152.0	147.0	310.0	 2
0.348542427348	10.0	153.0	147.0	310.0	 1
0.353634723831	10.0	152.0	148.0	310.0	 2
0.361370297565	10.0	151.0	149.0	310.0	 2
0.361865798554	10.0	150.0	150.0	310.0	 2
0.364504998731	10.0	149.0	151.0	310.0	 2
0.365130060308	10.0	148.0	152.0	310.0	 2
0.365154143003	10.0	147.0	153.0	310.0	 2
0.370905294014	10.0	146.0	154.0	310.0	 2
0.373489310479	10.0	145.0	155.0	310.0	 2
0.390906189544	10.0	144.0	156.0	310.0	 2
0.391267538546	10.0	143.0	157.0	310.0	 2
0.410986416546	10.0	142.0	158.0	310.0	 2
0.415025854562	10.0	141.0	159.0	310.0	 2
0.420036184609	10.0	140.0	160.0	310.0	 2
0.420290142083	9.0	141.0	160.0	310.0	 1
0.424764585094	9.0	140.0	161.0	310.0	 2
0.430441657547	8.0	141.0	161.0	310.0	 1
0.434910151558	8.0	140.0	162.0	310.0	 2
0.436243087851	8.0	139.0	163.0	310.0	 2
0.441564828876	8.0	138.0	164.0	310.0	 2
0.446771502842	8.0	137.0	165.0	310.0	 2
0.450198049891	8.0	136.0	166.0	310.0	 2
0.454545454545	8.0	136.0	166.0	310.0	 0
