# reactions: 2
Time	S	I	R	N	Fired Reaction
0.0	46.0	181.0	83.0	310.0	 0
0.0160238401353	45.0	182.0	83.0	310.0	 1
0.0160375735943	44.0	183.0	83.0	310.0	 1
0.0162650803166	43.0	184.0	83.0	310.0	 1
0.018677488168	43.0	183.0	84.0	310.0	 2
0.0265188599216	43.0	182.0	85.0	310.0	 2
0.0268748287464	43.0	181.0	86.0	310.0	 2
0.0281783711731	43.0	180.0	87.0	310.0	 2
0.0284303687331	43.0	179.0	88.0	310.0	 2
0.0316769525468	42.0	180.0	88.0	310.0	 1
0.0322822486398	42.0	179.0	89.0	310.0	 2
0.0383407821552	41.0	180.0	89.0	310.0	 1
0.0435744649311	40.0	181.0	89.0	310.0	 1
0.0448802354345	39.0	182.0	89.0	310.0	 1
0.0464666183848	39.0	181.0	90.0	310.0	 2
0.0485379248979	39.0	180.0	91.0	310.0	 2
0.0495508954869	39.0	179.0	92.0	310.0	 2
0.0502468536056	39.0	178.0	93.0	310.0	 2
0.0511755945135	39.0	177.0	94.0	310.0	 2
0.0527754307517	39.0	176.0	95.0	310.0	 2
0.0531343164416	38.0	177.0	95.0	310.0	 1
0.0586929212442	37.0	178.0	95.0	310.0	 1
0.0592099240721	36.0	179.0	95.0	310.0	 1
0.0635538756325	36.0	178.0	96.0	310.0	 2
0.064235632531	36.0	177.0	97.0	310.0	 2
0.064978573948	35.0	178.0	97.0	310.0	 1
0.0667855743195	35.0	177.0	98.0	310.0	 2
0.0679423419373	34.0	178.0	98.0	310.0	 1
0.0702478626475	34.0	177.0	99.0	310.0	 2
0.0704002488437	34.0	176.0	100.0	310.0	 2
0.0746509647346	34.0	175.0	101.0	310.0	 2
0.0796592230354	34.0	174.0	102.0	310.0	 2
0.087559325471	34.0	173.0	103.0	310.0	 2
0.0892628960124	34.0	172.0	104.0	310.0	 2
0.0907768806642	34.0	171.0	105.0	310.0	 2
0.0925758975638	33.0	172.0	105.0	310.0	 1
0.0943003099333	32.0	173.0	105.0	310.0	 1
0.100000679294	31.0	174.0	105.0	310.0	 1
0.100001827847	30.0	175.0	105.0	310.0	 1
0.100042953431	29.0	176.0	105.0	310.0	 1
0.101286717993	28.0	177.0	105.0	310.0	 1
0.102649589699	27.0	178.0	105.0	310.0	 1
0.105023514855	27.0	177.0	106.0	310.0	 2
0.105768607251	27.0	176.0	107.0	310.0	 2
0.106814658291	26.0	177.0	107.0	310.0	 1
0.110964166379	26.0	176.0	108.0	310.0	 2
0.11097268372	26.0	175.0	109.0	310.0	 2
0.114162437564	26.0	174.0	110.0	310.0	 2
0.116045862718	26.0	173.0	111.0	310.0	 2
0.130399305493	26.0	172.0	112.0	310.0	 2
0.130773414198	25.0	173.0	112.0	310.0	 1
0.144748411617	24.0	174.0	112.0	310.0	 1
0.148774847564	24.0	173.0	113.0	310.0	 2
0.149143732375	24.0	172.0	114.0	310.0	 2
0.156985595134	24.0	171.0	115.0	310.0	 2
0.158979211394	23.0	172.0	115.0	310.0	 1
0.15898386238	23.0	171.0	116.0	310.0	 2
0.159018106498	22.0	172.0	116.0	310.0	 1
0.159169719457	21.0	173.0	116.0	310.0	 1
0.160774598157	21.0	172.0	117.0	310.0	 2
0.161002958815	21.0	171.0	118.0	310.0	 2
0.162379297088	20.0	172.0	118.0	310.0	 1
0.162530012214	19.0	173.0	118.0	310.0	 1
0.170950074699	19.0	172.0	119.0	310.0	 2
0.181248825691	19.0	171.0	120.0	310.0	 2
0.183329513381	18.0	172.0	120.0	310.0	 1
0.19097393081	18.0	171.0	121.0	310.0	 2
0.192463213134	18.0	170.0	122.0	310.0	 2
0.195529130207	17.0	171.0	122.0	310.0	 1
0.197042373019	17.0	170.0	123.0	310.0	 2
0.197276849375	16.0	171.0	123.0	310.0	 1
0.199400153233	15.0	172.0	123.0	310.0	 1
0.200616403173	15.0	171.0	124.0	310.0	 2
0.219772873694	15.0	170.0	125.0	310.0	 2
0.2245549272	15.0	169.0	126.0	310.0	 2
0.227640904206	14.0	170.0	126.0	310.0	 1
0.232933304191	14.0	169.0	127.0	310.0	 2
0.232964157725	14.0	168.0	128.0	310.0	 2
0.237453455362	14.0	167.0	129.0	310.0	 2
0.24268332057	14.0	166.0	130.0	310.0	 2
0.245383230591	14.0	165.0	131.0	310.0	 2
0.24776361679	14.0	164.0	132.0	310.0	 2
0.252252847977	14.0	163.0	133.0	310.0	 2
0.254574371041	14.0	162.0	134.0	310.0	 2
0.257455101542	13.0	163.0	134.0	310.0	 1
0.262173361272	13.0	162.0	135.0	310.0	 2
0.265924268878	13.0	161.0	136.0	310.0	 2
0.26810135176	13.0	160.0	137.0	310.0	 2
0.268948616297	13.0	159.0	138.0	310.0	 2
0.275614052199	12.0	160.0	138.0	310.0	 1
0.277891027333	12.0	159.0	139.0	310.0	 2
0.278361749261	12.0	158.0	140.0	310.0	 2
0.282878844474	12.0	157.0	141.0	310.0	 2
0.285547233049	11.0	158.0	141.0	310.0	 1
0.287288255074	11.0	157.0	142.0	310.0	 2
0.288284233981	11.0	156.0	143.0	310.0	 2
0.292295837221	11.0	155.0	144.0	310.0	 2
0.294333478881	11.0	154.0	145.0	310.0	 2
0.301286058194	10.0	155.0	145.0	310.0	 1
0.302047052674	10.0	154.0	146.0	310.0	 2
0.304268565528	9.0	155.0	146.0	310.0	 1
0.315598717165	9.0	154.0	147.0	310.0	 2
0.31702588587	9.0	153.0	148.0	310.0	 2
0.323477150762	9.0	152.0	149.0	310.0	 2
0.337923200882	8.0	153.0	149.0	310.0	 1
0.343811334752	8.0	152.0	150.0	310.0	 2
0.347480666346	8.0	151.0	151.0	310.0	 2
0.350226103066	7.0	152.0	151.0	310.0	 1
0.352674255683	6.0	153.0	151.0	310.0	 1
0.354071197804	6.0	152.0	152.0	310.0	 2
0.354388800392	6.0	151.0	153.0	310.0	 2
0.355727799022	6.0	150.0	154.0	310.0	 2
0.365289661792	6.0	149.0	155.0	310.0	 2
0.368011431241	6.0	148.0	156.0	310.0	 2
0.370012887979	6.0	147.0	157.0	310.0	 2
0.372635035006	6.0	146.0	158.0	310.0	 2
0.374881582892	6.0	145.0	159.0	310.0	 2
0.406409460386	6.0	144.0	160.0	310.0	 2
0.407040314093	6.0	143.0	161.0	310.0	 2
0.409439099168	6.0	142.0	162.0	310.0	 2
0.409565164299	6.0	141.0	163.0	310.0	 2
0.410928494045	6.0	140.0	164.0	310.0	 2
0.425033894156	6.0	139.0	165.0	310.0	 2
0.436992598003	6.0	138.0	166.0	310.0	 2
0.44452970948	6.0	137.0	167.0	310.0	 2
0.449652585107	6.0	136.0	168.0	310.0	 2
0.450398096379	6.0	135.0	169.0	310.0	 2
0.454545454545	6.0	135.0	169.0	310.0	 0
