# reactions: 2
Time	S	I	R	N	Fired Reaction
0.0	46.0	181.0	83.0	310.0	 0
0.00556548369622	46.0	180.0	84.0	310.0	 2
0.0135389547027	45.0	181.0	84.0	310.0	 1
0.0171899053521	45.0	180.0	85.0	310.0	 2
0.0180161495232	44.0	181.0	85.0	310.0	 1
0.0200675560322	44.0	180.0	86.0	310.0	 2
0.0203316962591	43.0	181.0	86.0	310.0	 1
0.0225713955303	43.0	180.0	87.0	310.0	 2
0.0230462557528	42.0	181.0	87.0	310.0	 1
0.0234049219857	42.0	180.0	88.0	310.0	 2
0.0270893515507	42.0	179.0	89.0	310.0	 2
0.0306751166899	41.0	180.0	89.0	310.0	 1
0.0309473898345	41.0	179.0	90.0	310.0	 2
0.0317397781465	40.0	180.0	90.0	310.0	 1
0.0352745955007	40.0	179.0	91.0	310.0	 2
0.0378436105991	40.0	178.0	92.0	310.0	 2
0.0433496001669	40.0	177.0	93.0	310.0	 2
0.043497016078	39.0	178.0	93.0	310.0	 1
0.0452785778078	38.0	179.0	93.0	310.0	 1
0.0457574357168	37.0	180.0	93.0	310.0	 1
0.0468501598377	36.0	181.0	93.0	310.0	 1
0.0473431035791	36.0	180.0	94.0	310.0	 2
0.0483442012193	35.0	181.0	94.0	310.0	 1
0.0484342648685	35.0	180.0	95.0	310.0	 2
0.0496200149427	34.0	181.0	95.0	310.0	 1
0.050290984301	33.0	182.0	95.0	310.0	 1
0.0503130564145	33.0	181.0	96.0	310.0	 2
0.0531340482876	33.0	180.0	97.0	310.0	 2
0.0550770671535	33.0	179.0	98.0	310.0	 2
0.0634706527318	33.0	178.0	99.0	310.0	 2
0.0660566738067	33.0	177.0	100.0	310.0	 2
0.0703926297297	33.0	176.0	101.0	310.0	 2
0.0748934540615	33.0	175.0	102.0	310.0	 2
0.0781715582499	33.0	174.0	103.0	310.0	 2
0.0783684433409	32.0	175.0	103.0	310.0	 1
0.0870747058243	32.0	174.0	104.0	310.0	 2
0.0873911366903	31.0	175.0	104.0	310.0	 1
0.0917381975254	30.0	176.0	104.0	310.0	 1
0.0928875302786	30.0	175.0	105.0	310.0	 2
0.0947749718744	29.0	176.0	105.0	310.0	 1
0.0955151213712	29.0	175.0	106.0	310.0	 2
0.102784263428	28.0	176.0	106.0	310.0	 1
0.106509395365	27.0	177.0	106.0	310.0	 1
0.112166206987	26.0	178.0	106.0	310.0	 1
0.112198429961	26.0	177.0	107.0	310.0	 2
0.113754397394	26.0	176.0	108.0	310.0	 2
0.115639092775	26.0	175.0	109.0	310.0	 2
0.118826430171	25.0	176.0	109.0	310.0	 1
0.11946065162	24.0	177.0	109.0	310.0	 1
0.120096280228	23.0	178.0	109.0	310.0	 1
0.122625354521	23.0	177.0	110.0	310.0	 2
0.124344901931	22.0	178.0	110.0	310.0	 1
0.124906362807	22.0	177.0	111.0	310.0	 2
0.125479180423	21.0	178.0	111.0	310.0	 1
0.13694453173	21.0	177.0	112.0	310.0	 2
0.141110966507	21.0	176.0	113.0	310.0	 2
0.148191060362	21.0	175.0	114.0	310.0	 2
0.148607925063	20.0	176.0	114.0	310.0	 1
0.153346574891	20.0	175.0	115.0	310.0	 2
0.157381335096	20.0	174.0	116.0	310.0	 2
0.159692538795	20.0	173.0	117.0	310.0	 2
0.161498509475	19.0	174.0	117.0	310.0	 1
0.164060832923	18.0	175.0	117.0	310.0	 1
0.164403533541	18.0	174.0	118.0	310.0	 2
0.18860374696	18.0	173.0	119.0	310.0	 2
0.189711226953	17.0	174.0	119.0	310.0	 1
0.191016618858	16.0	175.0	119.0	310.0	 1
0.194262339178	16.0	174.0	120.0	310.0	 2
0.197532251466	16.0	173.0	121.0	310.0	 2
0.199714342872	16.0	172.0	122.0	310.0	 2
0.203654031808	16.0	171.0	123.0	310.0	 2
0.203850013715	16.0	170.0	124.0	310.0	 2
0.214838528666	15.0	171.0	124.0	310.0	 1
0.21867367143	15.0	170.0	125.0	310.0	 2
0.22288025189	14.0	171.0	125.0	310.0	 1
0.228433265734	14.0	170.0	126.0	310.0	 2
0.239295730742	14.0	169.0	127.0	310.0	 2
0.239781625002	14.0	168.0	128.0	310.0	 2
0.240523577086	14.0	167.0	129.0	310.0	 2
0.248629473043	14.0	166.0	130.0	310.0	 2
0.248752917926	14.0	165.0	131.0	310.0	 2
0.252133880861	14.0	164.0	132.0	310.0	 2
0.252136525341	13.0	165.0	132.0	310.0	 1
0.252482084724	13.0	164.0	133.0	310.0	 2
0.258980743847	13.0	163.0	134.0	310.0	 2
0.260078086728	13.0	162.0	135.0	310.0	 2
0.26399532687	13.0	161.0	136.0	310.0	 2
0.266591698426	13.0	160.0	137.0	310.0	 2
0.269729347353	13.0	159.0	138.0	310.0	 2
0.272937130314	13.0	158.0	139.0	310.0	 2
0.276166308302	13.0	157.0	140.0	310.0	 2
0.278019457257	12.0	158.0	140.0	310.0	 1
0.281169400835	11.0	159.0	140.0	310.0	 1
0.29303836215	11.0	158.0	141.0	310.0	 2
0.293866856475	10.0	159.0	141.0	310.0	 1
0.299878939248	10.0	158.0	142.0	310.0	 2
0.302698009607	9.0	159.0	142.0	310.0	 1
0.30688340052	9.0	158.0	143.0	310.0	 2
0.308597254309	9.0	157.0	144.0	310.0	 2
0.312752754098	9.0	156.0	145.0	310.0	 2
0.313763700187	9.0	155.0	146.0	310.0	 2
0.3199450938	9.0	154.0	147.0	310.0	 2
0.327926137165	9.0	153.0	148.0	310.0	 2
0.349600742295	9.0	152.0	149.0	310.0	 2
0.353091504566	9.0	151.0	150.0	310.0	 2
0.35375649431	8.0	152.0	150.0	310.0	 1
0.354661542597	8.0	151.0	151.0	310.0	 2
0.354794260217	8.0	150.0	152.0	310.0	 2
0.356966631333	8.0	149.0	153.0	310.0	 2
0.35942809993	8.0	148.0	154.0	310.0	 2
0.371230032208	8.0	147.0	155.0	310.0	 2
0.379324323679	8.0	146.0	156.0	310.0	 2
0.383482784294	8.0	145.0	157.0	310.0	 2
0.387044318988	8.0	144.0	158.0	310.0	 2
0.401966261303	8.0	143.0	159.0	310.0	 2
0.407169917613	8.0	142.0	160.0	310.0	 2
0.413090503907	8.0	141.0	161.0	310.0	 2
0.416001511725	8.0	140.0	162.0	310.0	 2
0.416941197926	8.0	139.0	163.0	310.0	 2
0.421956400041	7.0	140.0	163.0	310.0	 1
0.432814309299	7.0	139.0	164.0	310.0	 2
0.436976991732	7.0	138.0	165.0	310.0	 2
0.439092362128	7.0	137.0	166.0	310.0	 2
0.446485661816	7.0	136.0	167.0	310.0	 2
0.454545454545	7.0	136.0	167.0	310.0	 0
