# reactions: 2
Time	S	I	R	N	Fired Reaction
0.0	46.0	181.0	83.0	310.0	 0
0.00681004140269	45.0	182.0	83.0	310.0	 1
0.00776806894742	45.0	181.0	84.0	310.0	 2
0.0093112886359	45.0	180.0	85.0	310.0	 2
0.0101753339457	45.0	179.0	86.0	310.0	 2
0.0128043007481	45.0	178.0	87.0	310.0	 2
0.013319098009	44.0	179.0	87.0	310.0	 1
0.0177892804483	43.0	180.0	87.0	310.0	 1
0.0298470452344	43.0	179.0	88.0	310.0	 2
0.030716879949	43.0	178.0	89.0	310.0	 2
0.0335289647802	43.0	177.0	90.0	310.0	 2
0.0339093134395	42.0	178.0	90.0	310.0	 1
0.0360616949289	41.0	179.0	90.0	310.0	 1
0.037188732926	41.0	178.0	91.0	310.0	 2
0.0385250135902	40.0	179.0	91.0	310.0	 1
0.03863207035	39.0	180.0	91.0	310.0	 1
0.0531867436885	38.0	181.0	91.0	310.0	 1
0.0537844248055	38.0	180.0	92.0	310.0	 2
0.0581904806268	37.0	181.0	92.0	310.0	 1
0.0590982660222	37.0	180.0	93.0	310.0	 2
0.0632865826817	37.0	179.0	94.0	310.0	 2
0.0642221539179	36.0	180.0	94.0	310.0	 1
0.0647104884862	36.0	179.0	95.0	310.0	 2
0.0787038423792	36.0	178.0	96.0	310.0	 2
0.0867018220975	36.0	177.0	97.0	310.0	 2
0.094815756195	36.0	176.0	98.0	310.0	 2
0.0981396082348	36.0	175.0	99.0	310.0	 2
0.102208178712	36.0	174.0	100.0	310.0	 2
0.10280369864	35.0	175.0	100.0	310.0	 1
0.104469937063	35.0	174.0	101.0	310.0	 2
0.106255168627	34.0	175.0	101.0	310.0	 1
0.106424388423	33.0	176.0	101.0	310.0	 1
0.107105275865	32.0	177.0	101.0	310.0	 1
0.110105041586	31.0	178.0	101.0	310.0	 1
0.11117940943	31.0	177.0	102.0	310.0	 2
0.116385938994	31.0	176.0	103.0	310.0	 2
0.122597595289	31.0	175.0	104.0	310.0	 2
0.123237779957	31.0	174.0	105.0	310.0	 2
0.124960050926	30.0	175.0	105.0	310.0	 1
0.133584265073	29.0	176.0	105.0	310.0	 1
0.136111762299	29.0	175.0	106.0	310.0	 2
0.137716429428	29.0	174.0	107.0	310.0	 2
0.138531435065	28.0	175.0	107.0	310.0	 1
0.156564486034	28.0	174.0	108.0	310.0	 2
0.159135254062	27.0	175.0	108.0	310.0	 1
0.164392887474	27.0	174.0	109.0	310.0	 2
0.164780882477	26.0	175.0	109.0	310.0	 1
0.1655705045	25.0	176.0	109.0	310.0	 1
0.167333952062	25.0	175.0	110.0	310.0	 2
0.172036432767	25.0	174.0	111.0	310.0	 2
0.175257770465	25.0	173.0	112.0	310.0	 2
0.17686008285	24.0	174.0	112.0	310.0	 1
0.178141554217	24.0	173.0	113.0	310.0	 2
0.178665875249	24.0	172.0	114.0	310.0	 2
0.179532895157	24.0	171.0	115.0	310.0	 2
0.181050770795	23.0	172.0	115.0	310.0	 1
0.181583535718	23.0	171.0	116.0	310.0	 2
0.18185051794	23.0	170.0	117.0	310.0	 2
0.183217529768	22.0	171.0	117.0	310.0	 1
0.189909794667	22.0	170.0	118.0	310.0	 2
0.191223104574	22.0	169.0	119.0	310.0	 2
0.195796102612	22.0	168.0	120.0	310.0	 2
0.196039597303	22.0	167.0	121.0	310.0	 2
0.196397774105	22.0	166.0	122.0	310.0	 2
0.203762261742	22.0	165.0	123.0	310.0	 2
0.205511004756	22.0	164.0	124.0	310.0	 2
0.205667737235	22.0	163.0	125.0	310.0	 2
0.209934421116	22.0	162.0	126.0	310.0	 2
0.212698872624	22.0	161.0	127.0	310.0	 2
0.214521638512	22.0	160.0	128.0	310.0	 2
0.216243821041	22.0	159.0	129.0	310.0	 2
0.220202298666	22.0	158.0	130.0	310.0	 2
0.2211693422	21.0	159.0	130.0	310.0	 1
0.225988083427	21.0	158.0	131.0	310.0	 2
0.226992029939	20.0	159.0	131.0	310.0	 1
0.232455231252	20.0	158.0	132.0	310.0	 2
0.232626594087	20.0	157.0	133.0	310.0	 2
0.239514713863	19.0	158.0	133.0	310.0	 1
0.240088256874	19.0	157.0	134.0	310.0	 2
0.245642604202	18.0	158.0	134.0	310.0	 1
0.250932147025	17.0	159.0	134.0	310.0	 1
0.251151054362	16.0	160.0	134.0	310.0	 1
0.251253744141	16.0	159.0	135.0	310.0	 2
0.262233765652	15.0	160.0	135.0	310.0	 1
0.262341694445	15.0	159.0	136.0	310.0	 2
0.280218597789	15.0	158.0	137.0	310.0	 2
0.283310839935	14.0	159.0	137.0	310.0	 1
0.289049835134	14.0	158.0	138.0	310.0	 2
0.29271418467	14.0	157.0	139.0	310.0	 2
0.293833325466	14.0	156.0	140.0	310.0	 2
0.294058065521	13.0	157.0	140.0	310.0	 1
0.303915925006	12.0	158.0	140.0	310.0	 1
0.308982782479	11.0	159.0	140.0	310.0	 1
0.315955115895	11.0	158.0	141.0	310.0	 2
0.326056156954	10.0	159.0	141.0	310.0	 1
0.326310449521	10.0	158.0	142.0	310.0	 2
0.33195540904	10.0	157.0	143.0	310.0	 2
0.33263336122	10.0	156.0	144.0	310.0	 2
0.332888377111	10.0	155.0	145.0	310.0	 2
0.339505099683	10.0	154.0	146.0	310.0	 2
0.348752859708	10.0	153.0	147.0	310.0	 2
0.353854254259	10.0	152.0	148.0	310.0	 2
0.361353156297	10.0	151.0	149.0	310.0	 2
0.364665368207	9.0	152.0	149.0	310.0	 1
0.372342425472	9.0	151.0	150.0	310.0	 2
0.375244529603	9.0	150.0	151.0	310.0	 2
0.375607472815	8.0	151.0	151.0	310.0	 1
0.379114854712	8.0	150.0	152.0	310.0	 2
0.383898031117	8.0	149.0	153.0	310.0	 2
0.388315093771	7.0	150.0	153.0	310.0	 1
0.391812194874	7.0	149.0	154.0	310.0	 2
0.396880363228	7.0	148.0	155.0	310.0	 2
0.397078843737	7.0	147.0	156.0	310.0	 2
0.400590395579	7.0	146.0	157.0	310.0	 2
0.402251857774	7.0	145.0	158.0	310.0	 2
0.420622946031	7.0	144.0	159.0	310.0	 2
0.421561599747	7.0	143.0	160.0	310.0	 2
0.430231563827	7.0	142.0	161.0	310.0	 2
0.431883050609	7.0	141.0	162.0	310.0	 2
0.436763499889	7.0	140.0	163.0	310.0	 2
0.440554320894	6.0	141.0	163.0	310.0	 1
0.450854729719	5.0	142.0	163.0	310.0	 1
0.454545454545	5.0	142.0	163.0	310.0	 0
