# reactions: 2
Time	S	I	R	N	Fired Reaction
0.0	46.0	181.0	83.0	310.0	 0
0.000114644503938	45.0	182.0	83.0	310.0	 1
0.00410773271637	45.0	181.0	84.0	310.0	 2
0.0095677643939	44.0	182.0	84.0	310.0	 1
0.0114703177624	43.0	183.0	84.0	310.0	 1
0.0141811892559	42.0	184.0	84.0	310.0	 1
0.0146455315838	41.0	185.0	84.0	310.0	 1
0.014757665297	40.0	186.0	84.0	310.0	 1
0.0164510511532	40.0	185.0	85.0	310.0	 2
0.0198096206139	39.0	186.0	85.0	310.0	 1
0.0201120933512	38.0	187.0	85.0	310.0	 1
0.0224358581357	37.0	188.0	85.0	310.0	 1
0.0226465238615	36.0	189.0	85.0	310.0	 1
0.0228870704038	36.0	188.0	86.0	310.0	 2
0.0255918736195	35.0	189.0	86.0	310.0	 1
0.026013229817	34.0	190.0	86.0	310.0	 1
0.0288452661458	33.0	191.0	86.0	310.0	 1
0.0295872802303	32.0	192.0	86.0	310.0	 1
0.0328704019039	32.0	191.0	87.0	310.0	 2
0.0368449874681	31.0	192.0	87.0	310.0	 1
0.0388195714067	30.0	193.0	87.0	310.0	 1
0.054402061293	29.0	194.0	87.0	310.0	 1
0.0590716551469	28.0	195.0	87.0	310.0	 1
0.0602487167091	28.0	194.0	88.0	310.0	 2
0.0640269894727	28.0	193.0	89.0	310.0	 2
0.065845668152	27.0	194.0	89.0	310.0	 1
0.0661070421654	26.0	195.0	89.0	310.0	 1
0.0666462118481	25.0	196.0	89.0	310.0	 1
0.0679394807675	25.0	195.0	90.0	310.0	 2
0.0680549030527	25.0	194.0	91.0	310.0	 2
0.0735349459347	24.0	195.0	91.0	310.0	 1
0.0758596241244	23.0	196.0	91.0	310.0	 1
0.0815326753688	23.0	195.0	92.0	310.0	 2
0.0818334852956	23.0	194.0	93.0	310.0	 2
0.0907601994237	22.0	195.0	93.0	310.0	 1
0.0953248310764	22.0	194.0	94.0	310.0	 2
0.0965372357883	21.0	195.0	94.0	310.0	 1
0.105039892967	20.0	196.0	94.0	310.0	 1
0.106320355162	20.0	195.0	95.0	310.0	 2
0.106642157781	20.0	194.0	96.0	310.0	 2
0.108195464651	20.0	193.0	97.0	310.0	 2
0.109213852083	20.0	192.0	98.0	310.0	 2
0.114024836039	19.0	193.0	98.0	310.0	 1
0.115850394413	18.0	194.0	98.0	310.0	 1
0.116577940844	18.0	193.0	99.0	310.0	 2
0.118568819386	18.0	192.0	100.0	310.0	 2
0.12206883857	18.0	191.0	101.0	310.0	 2
0.126199584574	18.0	190.0	102.0	310.0	 2
0.143739320483	18.0	189.0	103.0	310.0	 2
0.144675353083	18.0	188.0	104.0	310.0	 2
0.173248733974	18.0	187.0	105.0	310.0	 2
0.173645066563	17.0	188.0	105.0	310.0	 1
0.180292366735	17.0	187.0	106.0	310.0	 2
0.181186933026	17.0	186.0	107.0	310.0	 2
0.182445419432	16.0	187.0	107.0	310.0	 1
0.182472749212	16.0	186.0	108.0	310.0	 2
0.191992971347	16.0	185.0	109.0	310.0	 2
0.192106538956	16.0	184.0	110.0	310.0	 2
0.192192048708	16.0	183.0	111.0	310.0	 2
0.193959749158	15.0	184.0	111.0	310.0	 1
0.195676677567	15.0	183.0	112.0	310.0	 2
0.195902854897	14.0	184.0	112.0	310.0	 1
0.19945134174	13.0	185.0	112.0	310.0	 1
0.206411424184	13.0	184.0	113.0	310.0	 2
0.209574893973	13.0	183.0	114.0	310.0	 2
0.2129631685	13.0	182.0	115.0	310.0	 2
0.216297411495	12.0	183.0	115.0	310.0	 1
0.218089119814	12.0	182.0	116.0	310.0	 2
0.218093434193	12.0	181.0	117.0	310.0	 2
0.219168084081	12.0	180.0	118.0	310.0	 2
0.222059390651	12.0	179.0	119.0	310.0	 2
0.222965904321	12.0	178.0	120.0	310.0	 2
0.229196960854	11.0	179.0	120.0	310.0	 1
0.238214658933	11.0	178.0	121.0	310.0	 2
0.238593518203	10.0	179.0	121.0	310.0	 1
0.254703220843	10.0	178.0	122.0	310.0	 2
0.256011291684	10.0	177.0	123.0	310.0	 2
0.259338297713	10.0	176.0	124.0	310.0	 2
0.260997871963	9.0	177.0	124.0	310.0	 1
0.262862033371	9.0	176.0	125.0	310.0	 2
0.265695271832	9.0	175.0	126.0	310.0	 2
0.26670768387	9.0	174.0	127.0	310.0	 2
0.275507833579	9.0	173.0	128.0	310.0	 2
0.280274007402	9.0	172.0	129.0	310.0	 2
0.287894865107	9.0	171.0	130.0	310.0	 2
0.288030604051	9.0	170.0	131.0	310.0	 2
0.289798053971	8.0	171.0	131.0	310.0	 1
0.289881368832	8.0	170.0	132.0	310.0	 2
0.28991905043	8.0	169.0	133.0	310.0	 2
0.290718885896	8.0	168.0	134.0	310.0	 2
0.291584146202	8.0	167.0	135.0	310.0	 2
0.297241057643	8.0	166.0	136.0	310.0	 2
0.299527521086	8.0	165.0	137.0	310.0	 2
0.300206986808	8.0	164.0	138.0	310.0	 2
0.315224920594	8.0	163.0	139.0	310.0	 2
0.31773259168	8.0	162.0	140.0	310.0	 2
0.317754256474	8.0	161.0	141.0	310.0	 2
0.319491291056	8.0	160.0	142.0	310.0	 2
0.32522836553	8.0	159.0	143.0	310.0	 2
0.326232568375	8.0	158.0	144.0	310.0	 2
0.332012140084	8.0	157.0	145.0	310.0	 2
0.336831788373	8.0	156.0	146.0	310.0	 2
0.345793920992	8.0	155.0	147.0	310.0	 2
0.360959743645	8.0	154.0	148.0	310.0	 2
0.363930073069	8.0	153.0	149.0	310.0	 2
0.377168302133	8.0	152.0	150.0	310.0	 2
0.377229023824	8.0	151.0	151.0	310.0	 2
0.38422378797	8.0	150.0	152.0	310.0	 2
0.39173354117	7.0	151.0	152.0	310.0	 1
0.394528014569	7.0	150.0	153.0	310.0	 2
0.402248326887	7.0	149.0	154.0	310.0	 2
0.405339584221	6.0	150.0	154.0	310.0	 1
0.4150021066	6.0	149.0	155.0	310.0	 2
0.421914167784	6.0	148.0	156.0	310.0	 2
0.426744986829	6.0	147.0	157.0	310.0	 2
0.428316642411	6.0	146.0	158.0	310.0	 2
0.428408823112	6.0	145.0	159.0	310.0	 2
0.446423569224	6.0	144.0	160.0	310.0	 2
0.45336355778	6.0	143.0	161.0	310.0	 2
0.454545454545	6.0	143.0	161.0	310.0	 0
