# reactions: 2
Time	S	I	R	N	Fired Reaction
0.0	46.0	181.0	83.0	310.0	 0
0.00321429095462	46.0	180.0	84.0	310.0	 2
0.00541040428658	46.0	179.0	85.0	310.0	 2
0.00689959496656	45.0	180.0	85.0	310.0	 1
0.0103564280904	45.0	179.0	86.0	310.0	 2
0.0114909296771	45.0	178.0	87.0	310.0	 2
0.0120237658859	44.0	179.0	87.0	310.0	 1
0.0125036493229	43.0	180.0	87.0	310.0	 1
0.0191627878908	42.0	181.0	87.0	310.0	 1
0.0215907562862	41.0	182.0	87.0	310.0	 1
0.0219710043269	40.0	183.0	87.0	310.0	 1
0.0238891939309	40.0	182.0	88.0	310.0	 2
0.0250640176818	40.0	181.0	89.0	310.0	 2
0.0285405245432	40.0	180.0	90.0	310.0	 2
0.0320918860402	40.0	179.0	91.0	310.0	 2
0.0368073428399	39.0	180.0	91.0	310.0	 1
0.037584808062	38.0	181.0	91.0	310.0	 1
0.0408794981622	37.0	182.0	91.0	310.0	 1
0.0415874038251	36.0	183.0	91.0	310.0	 1
0.0510322391211	35.0	184.0	91.0	310.0	 1
0.056198753352	34.0	185.0	91.0	310.0	 1
0.0565057940219	33.0	186.0	91.0	310.0	 1
0.057365092432	33.0	185.0	92.0	310.0	 2
0.0586339962561	32.0	186.0	92.0	310.0	 1
0.0690357714905	31.0	187.0	92.0	310.0	 1
0.0744437950374	31.0	186.0	93.0	310.0	 2
0.075060269314	30.0	187.0	93.0	310.0	 1
0.0774377578879	29.0	188.0	93.0	310.0	 1
0.0812837290601	29.0	187.0	94.0	310.0	 2
0.0822629074118	29.0	186.0	95.0	310.0	 2
0.0846399403465	28.0	187.0	95.0	310.0	 1
0.0878824004672	27.0	188.0	95.0	310.0	 1
0.0914661567169	26.0	189.0	95.0	310.0	 1
0.109732057029	26.0	188.0	96.0	310.0	 2
0.118574272827	26.0	187.0	97.0	310.0	 2
0.118819174266	26.0	186.0	98.0	310.0	 2
0.123663255561	25.0	187.0	98.0	310.0	 1
0.13186373829	24.0	188.0	98.0	310.0	 1
0.132746285247	24.0	187.0	99.0	310.0	 2
0.144693110574	23.0	188.0	99.0	310.0	 1
0.147797634636	23.0	187.0	100.0	310.0	 2
0.149174370429	22.0	188.0	100.0	310.0	 1
0.152376965602	22.0	187.0	101.0	310.0	 2
0.154813852088	22.0	186.0	102.0	310.0	 2
0.157040403708	22.0	185.0	103.0	310.0	 2
0.164072711051	22.0	184.0	104.0	310.0	 2
0.167815042463	21.0	185.0	104.0	310.0	 1
0.179608962763	21.0	184.0	105.0	310.0	 2
0.181120896945	20.0	185.0	105.0	310.0	 1
0.18488465205	19.0	186.0	105.0	310.0	 1
0.186174406534	18.0	187.0	105.0	310.0	 1
0.187288366856	18.0	186.0	106.0	310.0	 2
0.193770358966	18.0	185.0	107.0	310.0	 2
0.196462770819	18.0	184.0	108.0	310.0	 2
0.197781766595	18.0	183.0	109.0	310.0	 2
0.20774059713	17.0	184.0	109.0	310.0	 1
0.20841146491	17.0	183.0	110.0	310.0	 2
0.216307225469	16.0	184.0	110.0	310.0	 1
0.220772395889	15.0	185.0	110.0	310.0	 1
0.221380648875	15.0	184.0	111.0	310.0	 2
0.221845381227	15.0	183.0	112.0	310.0	 2
0.232302944637	15.0	182.0	113.0	310.0	 2
0.238422616776	15.0	181.0	114.0	310.0	 2
0.239875074526	14.0	182.0	114.0	310.0	 1
0.241010794837	14.0	181.0	115.0	310.0	 2
0.241994525125	14.0	180.0	116.0	310.0	 2
0.24769864593	13.0	181.0	116.0	310.0	 1
0.24791144915	13.0	180.0	117.0	310.0	 2
0.251499752909	13.0	179.0	118.0	310.0	 2
0.253754917777	13.0	178.0	119.0	310.0	 2
0.256033265033	13.0	177.0	120.0	310.0	 2
0.256565159292	13.0	176.0	121.0	310.0	 2
0.264896442023	13.0	175.0	122.0	310.0	 2
0.272761318909	12.0	176.0	122.0	310.0	 1
0.285874351766	12.0	175.0	123.0	310.0	 2
0.288196828437	12.0	174.0	124.0	310.0	 2
0.292989398151	12.0	173.0	125.0	310.0	 2
0.29376402771	12.0	172.0	126.0	310.0	 2
0.294222350123	12.0	171.0	127.0	310.0	 2
0.296324084417	12.0	170.0	128.0	310.0	 2
0.302369019613	12.0	169.0	129.0	310.0	 2
0.306442852312	12.0	168.0	130.0	310.0	 2
0.308607524423	11.0	169.0	130.0	310.0	 1
0.326682716224	11.0	168.0	131.0	310.0	 2
0.331758484048	11.0	167.0	132.0	310.0	 2
0.335446532642	11.0	166.0	133.0	310.0	 2
0.337142929977	10.0	167.0	133.0	310.0	 1
0.340590324304	10.0	166.0	134.0	310.0	 2
0.342573626808	10.0	165.0	135.0	310.0	 2
0.347865738616	9.0	166.0	135.0	310.0	 1
0.348086334304	9.0	165.0	136.0	310.0	 2
0.354069080686	9.0	164.0	137.0	310.0	 2
0.357579365736	9.0	163.0	138.0	310.0	 2
0.369731346154	9.0	162.0	139.0	310.0	 2
0.369990267211	9.0	161.0	140.0	310.0	 2
0.370539982242	9.0	160.0	141.0	310.0	 2
0.371159985742	9.0	159.0	142.0	310.0	 2
0.374244748981	8.0	160.0	142.0	310.0	 1
0.382533463209	8.0	159.0	143.0	310.0	 2
0.383057070199	8.0	158.0	144.0	310.0	 2
0.390782431947	8.0	157.0	145.0	310.0	 2
0.405371546895	8.0	156.0	146.0	310.0	 2
0.40597118217	8.0	155.0	147.0	310.0	 2
0.406616736483	8.0	154.0	148.0	310.0	 2
0.408232627698	8.0	153.0	149.0	310.0	 2
0.409856407033	8.0	152.0	150.0	310.0	 2
0.417300768788	8.0	151.0	151.0	310.0	 2
0.421023965782	7.0	152.0	151.0	310.0	 1
0.421925072565	7.0	151.0	152.0	310.0	 2
0.422657303091	7.0	150.0	153.0	310.0	 2
0.423758760212	7.0	149.0	154.0	310.0	 2
0.428964947986	7.0	148.0	155.0	310.0	 2
0.433679471975	6.0	149.0	155.0	310.0	 1
0.444000382455	5.0	150.0	155.0	310.0	 1
0.449043664459	5.0	149.0	156.0	310.0	 2
0.454545454545	5.0	149.0	156.0	310.0	 0
