# reactions: 2
Time	S	I	R	N	Fired Reaction
0.0	46.0	181.0	83.0	310.0	 0
0.000462851338534	46.0	180.0	84.0	310.0	 2
0.00883725200913	46.0	179.0	85.0	310.0	 2
0.0151334609826	46.0	178.0	86.0	310.0	 2
0.0177339164888	45.0	179.0	86.0	310.0	 1
0.0239611426694	44.0	180.0	86.0	310.0	 1
0.0248035839139	43.0	181.0	86.0	310.0	 1
0.0366436970883	42.0	182.0	86.0	310.0	 1
0.0377526309529	41.0	183.0	86.0	310.0	 1
0.041237886218	41.0	182.0	87.0	310.0	 2
0.0421042959196	40.0	183.0	87.0	310.0	 1
0.0424130324865	40.0	182.0	88.0	310.0	 2
0.0428593774036	39.0	183.0	88.0	310.0	 1
0.0461041592611	39.0	182.0	89.0	310.0	 2
0.0461325935533	38.0	183.0	89.0	310.0	 1
0.0472791774413	37.0	184.0	89.0	310.0	 1
0.0491694719467	37.0	183.0	90.0	310.0	 2
0.0580053262863	37.0	182.0	91.0	310.0	 2
0.0599832298719	36.0	183.0	91.0	310.0	 1
0.0608885884287	35.0	184.0	91.0	310.0	 1
0.0619750023677	35.0	183.0	92.0	310.0	 2
0.0629512992846	34.0	184.0	92.0	310.0	 1
0.064307403276	33.0	185.0	92.0	310.0	 1
0.0698007242643	32.0	186.0	92.0	310.0	 1
0.0721854245807	32.0	185.0	93.0	310.0	 2
0.0759423797031	31.0	186.0	93.0	310.0	 1
0.0779536179465	30.0	187.0	93.0	310.0	 1
0.0840723021192	30.0	186.0	94.0	310.0	 2
0.0877830859694	30.0	185.0	95.0	310.0	 2
0.0901679224237	30.0	184.0	96.0	310.0	 2
0.0904073575319	30.0	183.0	97.0	310.0	 2
0.0970012912455	29.0	184.0	97.0	310.0	 1
0.0971453386951	28.0	185.0	97.0	310.0	 1
0.100108298325	28.0	184.0	98.0	310.0	 2
0.100514669988	28.0	183.0	99.0	310.0	 2
0.107698237118	27.0	184.0	99.0	310.0	 1
0.107994378943	27.0	183.0	100.0	310.0	 2
0.111334930983	27.0	182.0	101.0	310.0	 2
0.114544820171	26.0	183.0	101.0	310.0	 1
0.11886043337	25.0	184.0	101.0	310.0	 1
0.120973802364	25.0	183.0	102.0	310.0	 2
0.12323464292	25.0	182.0	103.0	310.0	 2
0.124058366462	25.0	181.0	104.0	310.0	 2
0.12805508419	25.0	180.0	105.0	310.0	 2
0.133342167038	24.0	181.0	105.0	310.0	 1
0.135151795927	23.0	182.0	105.0	310.0	 1
0.1383359419	23.0	181.0	106.0	310.0	 2
0.14013708658	23.0	180.0	107.0	310.0	 2
0.142908545715	23.0	179.0	108.0	310.0	 2
0.145317986752	23.0	178.0	109.0	310.0	 2
0.146176813144	22.0	179.0	109.0	310.0	 1
0.153771913444	21.0	180.0	109.0	310.0	 1
0.157530387492	20.0	181.0	109.0	310.0	 1
0.159093356228	20.0	180.0	110.0	310.0	 2
0.164909107938	20.0	179.0	111.0	310.0	 2
0.165150330662	19.0	180.0	111.0	310.0	 1
0.167158410808	19.0	179.0	112.0	310.0	 2
0.168156398212	19.0	178.0	113.0	310.0	 2
0.17049334502	19.0	177.0	114.0	310.0	 2
0.173715750888	19.0	176.0	115.0	310.0	 2
0.17544145703	18.0	177.0	115.0	310.0	 1
0.175693172399	18.0	176.0	116.0	310.0	 2
0.184596166067	18.0	175.0	117.0	310.0	 2
0.195211060468	18.0	174.0	118.0	310.0	 2
0.195704886693	18.0	173.0	119.0	310.0	 2
0.208050673089	18.0	172.0	120.0	310.0	 2
0.211653704986	17.0	173.0	120.0	310.0	 1
0.212626211419	17.0	172.0	121.0	310.0	 2
0.220793904835	17.0	171.0	122.0	310.0	 2
0.221254892458	16.0	172.0	122.0	310.0	 1
0.224739215937	15.0	173.0	122.0	310.0	 1
0.225347133245	15.0	172.0	123.0	310.0	 2
0.229077204436	15.0	171.0	124.0	310.0	 2
0.233083779885	15.0	170.0	125.0	310.0	 2
0.23753365346	15.0	169.0	126.0	310.0	 2
0.251429190914	15.0	168.0	127.0	310.0	 2
0.253257053308	15.0	167.0	128.0	310.0	 2
0.25482913231	15.0	166.0	129.0	310.0	 2
0.25711852573	15.0	165.0	130.0	310.0	 2
0.25912949055	14.0	166.0	130.0	310.0	 1
0.261580446351	14.0	165.0	131.0	310.0	 2
0.262423565499	14.0	164.0	132.0	310.0	 2
0.273106670874	14.0	163.0	133.0	310.0	 2
0.274389503552	14.0	162.0	134.0	310.0	 2
0.282113708184	13.0	163.0	134.0	310.0	 1
0.284550716611	12.0	164.0	134.0	310.0	 1
0.286223405991	12.0	163.0	135.0	310.0	 2
0.294868048675	12.0	162.0	136.0	310.0	 2
0.295726725713	12.0	161.0	137.0	310.0	 2
0.298639083592	12.0	160.0	138.0	310.0	 2
0.305141422733	12.0	159.0	139.0	310.0	 2
0.306241337568	12.0	158.0	140.0	310.0	 2
0.308266248915	12.0	157.0	141.0	310.0	 2
0.308268375399	12.0	156.0	142.0	310.0	 2
0.317574108227	12.0	155.0	143.0	310.0	 2
0.317841556267	12.0	154.0	144.0	310.0	 2
0.322564225787	12.0	153.0	145.0	310.0	 2
0.33886348437	12.0	152.0	146.0	310.0	 2
0.342349166967	12.0	151.0	147.0	310.0	 2
0.34422747168	12.0	150.0	148.0	310.0	 2
0.345848057875	12.0	149.0	149.0	310.0	 2
0.348915418366	12.0	148.0	150.0	310.0	 2
0.350688163028	12.0	147.0	151.0	310.0	 2
0.354661049295	12.0	146.0	152.0	310.0	 2
0.364613499152	12.0	145.0	153.0	310.0	 2
0.364945489449	12.0	144.0	154.0	310.0	 2
0.380347885467	12.0	143.0	155.0	310.0	 2
0.384077776493	11.0	144.0	155.0	310.0	 1
0.388097344562	11.0	143.0	156.0	310.0	 2
0.397385846875	10.0	144.0	156.0	310.0	 1
0.397455035978	10.0	143.0	157.0	310.0	 2
0.409666006414	10.0	142.0	158.0	310.0	 2
0.418790777688	9.0	143.0	158.0	310.0	 1
0.422915153419	9.0	142.0	159.0	310.0	 2
0.443676283459	9.0	141.0	160.0	310.0	 2
0.454545454545	9.0	141.0	160.0	310.0	 0
