# reactions: 2
Time	S	I	R	N	Fired Reaction
0.0	46.0	181.0	83.0	310.0	 0
0.0023517229986	46.0	180.0	84.0	310.0	 2
0.00285246221961	45.0	181.0	84.0	310.0	 1
0.00670677095004	45.0	180.0	85.0	310.0	 2
0.00983580618612	45.0	179.0	86.0	310.0	 2
0.0101304436459	45.0	178.0	87.0	310.0	 2
0.011522030658	44.0	179.0	87.0	310.0	 1
0.013944348487	43.0	180.0	87.0	310.0	 1
0.0140521182769	43.0	179.0	88.0	310.0	 2
0.0143057832672	42.0	180.0	88.0	310.0	 1
0.0179335495324	41.0	181.0	88.0	310.0	 1
0.0197381567479	40.0	182.0	88.0	310.0	 1
0.0325856025976	40.0	181.0	89.0	310.0	 2
0.035371275797	39.0	182.0	89.0	310.0	 1
0.0372464887487	39.0	181.0	90.0	310.0	 2
0.0433419102782	39.0	180.0	91.0	310.0	 2
0.0441945192445	38.0	181.0	91.0	310.0	 1
0.0451831492534	37.0	182.0	91.0	310.0	 1
0.0453216494969	37.0	181.0	92.0	310.0	 2
0.0469236606157	37.0	180.0	93.0	310.0	 2
0.0481406093466	36.0	181.0	93.0	310.0	 1
0.0553234584237	36.0	180.0	94.0	310.0	 2
0.0593843587639	35.0	181.0	94.0	310.0	 1
0.0615654315162	35.0	180.0	95.0	310.0	 2
0.064626588105	35.0	179.0	96.0	310.0	 2
0.0712737333293	35.0	178.0	97.0	310.0	 2
0.0721718550399	34.0	179.0	97.0	310.0	 1
0.0728781017809	33.0	180.0	97.0	310.0	 1
0.0754577106748	33.0	179.0	98.0	310.0	 2
0.0830533753824	32.0	180.0	98.0	310.0	 1
0.0838830409186	32.0	179.0	99.0	310.0	 2
0.0886172356966	31.0	180.0	99.0	310.0	 1
0.088925373262	30.0	181.0	99.0	310.0	 1
0.0925342436211	29.0	182.0	99.0	310.0	 1
0.0949471317934	28.0	183.0	99.0	310.0	 1
0.100896918385	27.0	184.0	99.0	310.0	 1
0.101732668742	26.0	185.0	99.0	310.0	 1
0.106314285012	26.0	184.0	100.0	310.0	 2
0.106387542014	26.0	183.0	101.0	310.0	 2
0.106701381062	26.0	182.0	102.0	310.0	 2
0.107651135787	26.0	181.0	103.0	310.0	 2
0.10791382335	26.0	180.0	104.0	310.0	 2
0.111521041373	25.0	181.0	104.0	310.0	 1
0.112942514459	24.0	182.0	104.0	310.0	 1
0.114886626262	24.0	181.0	105.0	310.0	 2
0.115417775879	23.0	182.0	105.0	310.0	 1
0.119068879437	23.0	181.0	106.0	310.0	 2
0.128464927836	22.0	182.0	106.0	310.0	 1
0.132006982627	22.0	181.0	107.0	310.0	 2
0.134531114635	22.0	180.0	108.0	310.0	 2
0.138806179936	22.0	179.0	109.0	310.0	 2
0.140173785707	21.0	180.0	109.0	310.0	 1
0.142212191	20.0	181.0	109.0	310.0	 1
0.14347413296	20.0	180.0	110.0	310.0	 2
0.146312083888	20.0	179.0	111.0	310.0	 2
0.150377201707	20.0	178.0	112.0	310.0	 2
0.158856982301	20.0	177.0	113.0	310.0	 2
0.163388141073	20.0	176.0	114.0	310.0	 2
0.16531992577	19.0	177.0	114.0	310.0	 1
0.166593821199	18.0	178.0	114.0	310.0	 1
0.167752183703	18.0	177.0	115.0	310.0	 2
0.167794689208	18.0	176.0	116.0	310.0	 2
0.171254903139	17.0	177.0	116.0	310.0	 1
0.172149376709	17.0	176.0	117.0	310.0	 2
0.174683574103	16.0	177.0	117.0	310.0	 1
0.175630208298	16.0	176.0	118.0	310.0	 2
0.178145034282	15.0	177.0	118.0	310.0	 1
0.180669644998	15.0	176.0	119.0	310.0	 2
0.185479652596	14.0	177.0	119.0	310.0	 1
0.186831516702	14.0	176.0	120.0	310.0	 2
0.191845997073	14.0	175.0	121.0	310.0	 2
0.201955981593	14.0	174.0	122.0	310.0	 2
0.207642585972	13.0	175.0	122.0	310.0	 1
0.209275899712	12.0	176.0	122.0	310.0	 1
0.229030705647	12.0	175.0	123.0	310.0	 2
0.231799047835	12.0	174.0	124.0	310.0	 2
0.234722979814	12.0	173.0	125.0	310.0	 2
0.236418281663	11.0	174.0	125.0	310.0	 1
0.244045907662	11.0	173.0	126.0	310.0	 2
0.24454683489	10.0	174.0	126.0	310.0	 1
0.252982210327	10.0	173.0	127.0	310.0	 2
0.25432770648	10.0	172.0	128.0	310.0	 2
0.2637217751	10.0	171.0	129.0	310.0	 2
0.280908444456	10.0	170.0	130.0	310.0	 2
0.281267139398	10.0	169.0	131.0	310.0	 2
0.290492481556	9.0	170.0	131.0	310.0	 1
0.291990097624	9.0	169.0	132.0	310.0	 2
0.294060139658	9.0	168.0	133.0	310.0	 2
0.303923060573	9.0	167.0	134.0	310.0	 2
0.307762065399	9.0	166.0	135.0	310.0	 2
0.316717418435	9.0	165.0	136.0	310.0	 2
0.319731216755	9.0	164.0	137.0	310.0	 2
0.322373559938	9.0	163.0	138.0	310.0	 2
0.337072673566	9.0	162.0	139.0	310.0	 2
0.339636746215	8.0	163.0	139.0	310.0	 1
0.354458161604	7.0	164.0	139.0	310.0	 1
0.354507897858	7.0	163.0	140.0	310.0	 2
0.356013697702	7.0	162.0	141.0	310.0	 2
0.366865061743	7.0	161.0	142.0	310.0	 2
0.367092909729	7.0	160.0	143.0	310.0	 2
0.370800119932	7.0	159.0	144.0	310.0	 2
0.373294678038	7.0	158.0	145.0	310.0	 2
0.373771210412	7.0	157.0	146.0	310.0	 2
0.382935566576	7.0	156.0	147.0	310.0	 2
0.384944661836	7.0	155.0	148.0	310.0	 2
0.393658806041	7.0	154.0	149.0	310.0	 2
0.395016961896	7.0	153.0	150.0	310.0	 2
0.39509032003	7.0	152.0	151.0	310.0	 2
0.406298272134	7.0	151.0	152.0	310.0	 2
0.411771499519	7.0	150.0	153.0	310.0	 2
0.435721553823	7.0	149.0	154.0	310.0	 2
0.438072011953	7.0	148.0	155.0	310.0	 2
0.443722517723	7.0	147.0	156.0	310.0	 2
0.444202738059	7.0	146.0	157.0	310.0	 2
0.445410907191	7.0	145.0	158.0	310.0	 2
0.450791420759	7.0	144.0	159.0	310.0	 2
0.451701093438	7.0	143.0	160.0	310.0	 2
0.454545454545	7.0	143.0	160.0	310.0	 0
