# reactions: 2
Time	S	I	R	N	Fired Reaction
0.0	46.0	181.0	83.0	310.0	 0
0.00357894624502	46.0	180.0	84.0	310.0	 2
0.00572286306258	46.0	179.0	85.0	310.0	 2
0.00643118389343	46.0	178.0	86.0	310.0	 2
0.00694127803096	45.0	179.0	86.0	310.0	 1
0.00702465525642	44.0	180.0	86.0	310.0	 1
0.01110008016	44.0	179.0	87.0	310.0	 2
0.0133334083164	43.0	180.0	87.0	310.0	 1
0.0135736118644	42.0	181.0	87.0	310.0	 1
0.0151979767491	41.0	182.0	87.0	310.0	 1
0.0161810394309	40.0	183.0	87.0	310.0	 1
0.0171748038575	40.0	182.0	88.0	310.0	 2
0.0223191743144	40.0	181.0	89.0	310.0	 2
0.0323869914273	39.0	182.0	89.0	310.0	 1
0.0365722142296	38.0	183.0	89.0	310.0	 1
0.0391259854308	37.0	184.0	89.0	310.0	 1
0.0392929844608	36.0	185.0	89.0	310.0	 1
0.0441098877044	35.0	186.0	89.0	310.0	 1
0.0443241808916	34.0	187.0	89.0	310.0	 1
0.0515599339899	33.0	188.0	89.0	310.0	 1
0.0529672411964	33.0	187.0	90.0	310.0	 2
0.0533116876991	33.0	186.0	91.0	310.0	 2
0.0569108339252	32.0	187.0	91.0	310.0	 1
0.0629359011378	32.0	186.0	92.0	310.0	 2
0.0703584029842	31.0	187.0	92.0	310.0	 1
0.0754457541547	30.0	188.0	92.0	310.0	 1
0.0774951652064	30.0	187.0	93.0	310.0	 2
0.0852591436909	30.0	186.0	94.0	310.0	 2
0.0899824609722	30.0	185.0	95.0	310.0	 2
0.0960551053276	30.0	184.0	96.0	310.0	 2
0.0973298198475	30.0	183.0	97.0	310.0	 2
0.10047292771	30.0	182.0	98.0	310.0	 2
0.100835753558	30.0	181.0	99.0	310.0	 2
0.103893041477	29.0	182.0	99.0	310.0	 1
0.108972554104	29.0	181.0	100.0	310.0	 2
0.111366482493	28.0	182.0	100.0	310.0	 1
0.113970447478	28.0	181.0	101.0	310.0	 2
0.114887114227	28.0	180.0	102.0	310.0	 2
0.115471726061	27.0	181.0	102.0	310.0	 1
0.124970175262	27.0	180.0	103.0	310.0	 2
0.127623877114	27.0	179.0	104.0	310.0	 2
0.130920322437	27.0	178.0	105.0	310.0	 2
0.13189464564	27.0	177.0	106.0	310.0	 2
0.132511137565	27.0	176.0	107.0	310.0	 2
0.133345029664	26.0	177.0	107.0	310.0	 1
0.136081366152	26.0	176.0	108.0	310.0	 2
0.140790326192	26.0	175.0	109.0	310.0	 2
0.149378394019	25.0	176.0	109.0	310.0	 1
0.152981643848	25.0	175.0	110.0	310.0	 2
0.160189412395	24.0	176.0	110.0	310.0	 1
0.163532738633	23.0	177.0	110.0	310.0	 1
0.164909754148	23.0	176.0	111.0	310.0	 2
0.165296442427	23.0	175.0	112.0	310.0	 2
0.167741595808	22.0	176.0	112.0	310.0	 1
0.169372799631	22.0	175.0	113.0	310.0	 2
0.169375143093	22.0	174.0	114.0	310.0	 2
0.175297665634	21.0	175.0	114.0	310.0	 1
0.17630063225	21.0	174.0	115.0	310.0	 2
0.179377981331	21.0	173.0	116.0	310.0	 2
0.180570836241	21.0	172.0	117.0	310.0	 2
0.181755364002	21.0	171.0	118.0	310.0	 2
0.184903410706	21.0	170.0	119.0	310.0	 2
0.190061587099	20.0	171.0	119.0	310.0	 1
0.194569111828	20.0	170.0	120.0	310.0	 2
0.195146432937	20.0	169.0	121.0	310.0	 2
0.197605501984	19.0	170.0	121.0	310.0	 1
0.199457815365	19.0	169.0	122.0	310.0	 2
0.201677322387	19.0	168.0	123.0	310.0	 2
0.206913791339	19.0	167.0	124.0	310.0	 2
0.212854351652	19.0	166.0	125.0	310.0	 2
0.216338263819	19.0	165.0	126.0	310.0	 2
0.223315075782	18.0	166.0	126.0	310.0	 1
0.224522573241	18.0	165.0	127.0	310.0	 2
0.226847361652	18.0	164.0	128.0	310.0	 2
0.230339558853	18.0	163.0	129.0	310.0	 2
0.23400817418	17.0	164.0	129.0	310.0	 1
0.236490909224	16.0	165.0	129.0	310.0	 1
0.244474842261	16.0	164.0	130.0	310.0	 2
0.246693446087	16.0	163.0	131.0	310.0	 2
0.249030804221	16.0	162.0	132.0	310.0	 2
0.250702545665	16.0	161.0	133.0	310.0	 2
0.251697532198	16.0	160.0	134.0	310.0	 2
0.257168690494	16.0	159.0	135.0	310.0	 2
0.257809686298	16.0	158.0	136.0	310.0	 2
0.262852860186	16.0	157.0	137.0	310.0	 2
0.269485659941	16.0	156.0	138.0	310.0	 2
0.274253219362	16.0	155.0	139.0	310.0	 2
0.289534916134	15.0	156.0	139.0	310.0	 1
0.290404409066	15.0	155.0	140.0	310.0	 2
0.301529518166	15.0	154.0	141.0	310.0	 2
0.30661398513	15.0	153.0	142.0	310.0	 2
0.310625599527	14.0	154.0	142.0	310.0	 1
0.311739811344	14.0	153.0	143.0	310.0	 2
0.315345627068	13.0	154.0	143.0	310.0	 1
0.317191788216	13.0	153.0	144.0	310.0	 2
0.323940357226	13.0	152.0	145.0	310.0	 2
0.326304834307	12.0	153.0	145.0	310.0	 1
0.353378377554	12.0	152.0	146.0	310.0	 2
0.354481909066	11.0	153.0	146.0	310.0	 1
0.35608719698	11.0	152.0	147.0	310.0	 2
0.370319137272	11.0	151.0	148.0	310.0	 2
0.376541329663	10.0	152.0	148.0	310.0	 1
0.376757229881	10.0	151.0	149.0	310.0	 2
0.377358728689	10.0	150.0	150.0	310.0	 2
0.382013665653	10.0	149.0	151.0	310.0	 2
0.383162952164	10.0	148.0	152.0	310.0	 2
0.386888049086	10.0	147.0	153.0	310.0	 2
0.391045145216	10.0	146.0	154.0	310.0	 2
0.399490848352	9.0	147.0	154.0	310.0	 1
0.40470254174	9.0	146.0	155.0	310.0	 2
0.415220984956	9.0	145.0	156.0	310.0	 2
0.416114038462	9.0	144.0	157.0	310.0	 2
0.4184592374	9.0	143.0	158.0	310.0	 2
0.424455524757	9.0	142.0	159.0	310.0	 2
0.439112913457	9.0	141.0	160.0	310.0	 2
0.441587107165	9.0	140.0	161.0	310.0	 2
0.449017635563	9.0	139.0	162.0	310.0	 2
0.44936452274	9.0	138.0	163.0	310.0	 2
0.454545454545	9.0	138.0	163.0	310.0	 0
