# reactions: 2
Time	S	I	R	N	Fired Reaction
0.0	46.0	181.0	83.0	310.0	 0
0.00299298018565	46.0	180.0	84.0	310.0	 2
0.00396919593718	46.0	179.0	85.0	310.0	 2
0.00677908649375	46.0	178.0	86.0	310.0	 2
0.00783193359682	46.0	177.0	87.0	310.0	 2
0.00841739732718	45.0	178.0	87.0	310.0	 1
0.0145311833483	44.0	179.0	87.0	310.0	 1
0.015469097028	43.0	180.0	87.0	310.0	 1
0.016852746645	43.0	179.0	88.0	310.0	 2
0.0199457166053	42.0	180.0	88.0	310.0	 1
0.0222105017652	42.0	179.0	89.0	310.0	 2
0.0264380234998	42.0	178.0	90.0	310.0	 2
0.0276165946146	42.0	177.0	91.0	310.0	 2
0.030540142108	42.0	176.0	92.0	310.0	 2
0.0317098010822	42.0	175.0	93.0	310.0	 2
0.0323966536673	42.0	174.0	94.0	310.0	 2
0.032717990975	42.0	173.0	95.0	310.0	 2
0.0353496650616	41.0	174.0	95.0	310.0	 1
0.0368246559149	40.0	175.0	95.0	310.0	 1
0.0376916894829	39.0	176.0	95.0	310.0	 1
0.0419289222518	38.0	177.0	95.0	310.0	 1
0.045093618738	37.0	178.0	95.0	310.0	 1
0.045923548105	36.0	179.0	95.0	310.0	 1
0.0501921142338	35.0	180.0	95.0	310.0	 1
0.050399971093	35.0	179.0	96.0	310.0	 2
0.0506288045256	34.0	180.0	96.0	310.0	 1
0.050817478705	33.0	181.0	96.0	310.0	 1
0.0553640220008	32.0	182.0	96.0	310.0	 1
0.0561773012582	32.0	181.0	97.0	310.0	 2
0.0596698572557	32.0	180.0	98.0	310.0	 2
0.0639673872381	32.0	179.0	99.0	310.0	 2
0.06933130998	32.0	178.0	100.0	310.0	 2
0.0717036707701	32.0	177.0	101.0	310.0	 2
0.0737462908815	32.0	176.0	102.0	310.0	 2
0.0794777908636	31.0	177.0	102.0	310.0	 1
0.0802312664033	30.0	178.0	102.0	310.0	 1
0.080601451744	30.0	177.0	103.0	310.0	 2
0.0860903018781	30.0	176.0	104.0	310.0	 2
0.0871828302159	30.0	175.0	105.0	310.0	 2
0.0913552746608	30.0	174.0	106.0	310.0	 2
0.0949786067625	30.0	173.0	107.0	310.0	 2
0.0956361371739	30.0	172.0	108.0	310.0	 2
0.0971392890234	30.0	171.0	109.0	310.0	 2
0.101328833446	29.0	172.0	109.0	310.0	 1
0.103658513375	29.0	171.0	110.0	310.0	 2
0.108113510524	28.0	172.0	110.0	310.0	 1
0.114634187492	27.0	173.0	110.0	310.0	 1
0.116157288401	27.0	172.0	111.0	310.0	 2
0.117222558668	26.0	173.0	111.0	310.0	 1
0.118605619712	26.0	172.0	112.0	310.0	 2
0.120206527103	25.0	173.0	112.0	310.0	 1
0.123986459875	24.0	174.0	112.0	310.0	 1
0.125800748962	23.0	175.0	112.0	310.0	 1
0.127497718433	22.0	176.0	112.0	310.0	 1
0.127830876807	22.0	175.0	113.0	310.0	 2
0.131832818699	22.0	174.0	114.0	310.0	 2
0.137078864589	21.0	175.0	114.0	310.0	 1
0.140230731503	21.0	174.0	115.0	310.0	 2
0.141595517255	20.0	175.0	115.0	310.0	 1
0.143266221062	20.0	174.0	116.0	310.0	 2
0.144561871736	20.0	173.0	117.0	310.0	 2
0.149271733965	20.0	172.0	118.0	310.0	 2
0.149309332915	20.0	171.0	119.0	310.0	 2
0.15577522229	20.0	170.0	120.0	310.0	 2
0.158042120208	20.0	169.0	121.0	310.0	 2
0.182441302329	20.0	168.0	122.0	310.0	 2
0.186340784209	20.0	167.0	123.0	310.0	 2
0.195155462612	20.0	166.0	124.0	310.0	 2
0.196387947642	20.0	165.0	125.0	310.0	 2
0.202317750962	20.0	164.0	126.0	310.0	 2
0.20233667154	20.0	163.0	127.0	310.0	 2
0.20262786109	19.0	164.0	127.0	310.0	 1
0.204309708378	19.0	163.0	128.0	310.0	 2
0.207809654263	19.0	162.0	129.0	310.0	 2
0.208223820301	19.0	161.0	130.0	310.0	 2
0.217495141113	19.0	160.0	131.0	310.0	 2
0.222708727742	19.0	159.0	132.0	310.0	 2
0.224286952615	19.0	158.0	133.0	310.0	 2
0.22539747032	19.0	157.0	134.0	310.0	 2
0.228979021424	18.0	158.0	134.0	310.0	 1
0.234862836666	18.0	157.0	135.0	310.0	 2
0.245064876503	17.0	158.0	135.0	310.0	 1
0.245075093535	17.0	157.0	136.0	310.0	 2
0.254010410811	16.0	158.0	136.0	310.0	 1
0.255320032342	15.0	159.0	136.0	310.0	 1
0.257530151208	15.0	158.0	137.0	310.0	 2
0.263149292052	14.0	159.0	137.0	310.0	 1
0.266136274223	14.0	158.0	138.0	310.0	 2
0.272774443688	13.0	159.0	138.0	310.0	 1
0.287260957089	13.0	158.0	139.0	310.0	 2
0.288480654511	13.0	157.0	140.0	310.0	 2
0.29040246962	12.0	158.0	140.0	310.0	 1
0.321990981818	12.0	157.0	141.0	310.0	 2
0.323238618162	12.0	156.0	142.0	310.0	 2
0.328211054736	12.0	155.0	143.0	310.0	 2
0.331755666896	12.0	154.0	144.0	310.0	 2
0.331821572162	12.0	153.0	145.0	310.0	 2
0.333456382359	11.0	154.0	145.0	310.0	 1
0.339503214215	11.0	153.0	146.0	310.0	 2
0.349557234485	10.0	154.0	146.0	310.0	 1
0.364173037284	10.0	153.0	147.0	310.0	 2
0.367293604678	10.0	152.0	148.0	310.0	 2
0.374086112607	9.0	153.0	148.0	310.0	 1
0.380120024638	9.0	152.0	149.0	310.0	 2
0.383679567847	9.0	151.0	150.0	310.0	 2
0.4012160361	9.0	150.0	151.0	310.0	 2
0.409759652137	9.0	149.0	152.0	310.0	 2
0.412829097331	9.0	148.0	153.0	310.0	 2
0.416513118251	9.0	147.0	154.0	310.0	 2
0.419336703341	9.0	146.0	155.0	310.0	 2
0.420058060613	9.0	145.0	156.0	310.0	 2
0.422286127276	9.0	144.0	157.0	310.0	 2
0.441726942843	9.0	143.0	158.0	310.0	 2
0.4479894718	9.0	142.0	159.0	310.0	 2
0.449305707685	8.0	143.0	159.0	310.0	 1
0.451140358933	8.0	142.0	160.0	310.0	 2
0.454545454545	8.0	142.0	160.0	310.0	 0
