# reactions: 2
Time	S	I	R	N	Fired Reaction
0.0	46.0	181.0	83.0	310.0	 0
0.0008244726565	46.0	180.0	84.0	310.0	 2
0.000872078414189	45.0	181.0	84.0	310.0	 1
0.0072310988853	44.0	182.0	84.0	310.0	 1
0.00779321323134	43.0	183.0	84.0	310.0	 1
0.0104395694978	43.0	182.0	85.0	310.0	 2
0.0131866418694	42.0	183.0	85.0	310.0	 1
0.0206461907521	41.0	184.0	85.0	310.0	 1
0.0227092245694	41.0	183.0	86.0	310.0	 2
0.0228537028667	41.0	182.0	87.0	310.0	 2
0.0232071698772	41.0	181.0	88.0	310.0	 2
0.0265709711578	40.0	182.0	88.0	310.0	 1
0.0282315707386	39.0	183.0	88.0	310.0	 1
0.0315821971743	39.0	182.0	89.0	310.0	 2
0.0321209618588	39.0	181.0	90.0	310.0	 2
0.0399783716599	39.0	180.0	91.0	310.0	 2
0.0414947801519	38.0	181.0	91.0	310.0	 1
0.044329516067	37.0	182.0	91.0	310.0	 1
0.0451996245295	37.0	181.0	92.0	310.0	 2
0.0455431257664	37.0	180.0	93.0	310.0	 2
0.0462287977267	36.0	181.0	93.0	310.0	 1
0.0531461163636	35.0	182.0	93.0	310.0	 1
0.0556907614873	35.0	181.0	94.0	310.0	 2
0.0565113802662	35.0	180.0	95.0	310.0	 2
0.0595902255524	34.0	181.0	95.0	310.0	 1
0.0616720211552	33.0	182.0	95.0	310.0	 1
0.0619592309766	33.0	181.0	96.0	310.0	 2
0.0649398028787	32.0	182.0	96.0	310.0	 1
0.0655145349221	31.0	183.0	96.0	310.0	 1
0.0695112308995	31.0	182.0	97.0	310.0	 2
0.070352462578	31.0	181.0	98.0	310.0	 2
0.0721721682547	31.0	180.0	99.0	310.0	 2
0.0768576297939	30.0	181.0	99.0	310.0	 1
0.0775073145014	30.0	180.0	100.0	310.0	 2
0.0778683794989	30.0	179.0	101.0	310.0	 2
0.0790207848614	30.0	178.0	102.0	310.0	 2
0.0808528246199	29.0	179.0	102.0	310.0	 1
0.0820978929232	29.0	178.0	103.0	310.0	 2
0.0883126102811	28.0	179.0	103.0	310.0	 1
0.0897622646055	27.0	180.0	103.0	310.0	 1
0.0913655958101	27.0	179.0	104.0	310.0	 2
0.109146493559	26.0	180.0	104.0	310.0	 1
0.111147406028	25.0	181.0	104.0	310.0	 1
0.11245842752	25.0	180.0	105.0	310.0	 2
0.112609040159	25.0	179.0	106.0	310.0	 2
0.119788421109	25.0	178.0	107.0	310.0	 2
0.122544266096	25.0	177.0	108.0	310.0	 2
0.12273631308	25.0	176.0	109.0	310.0	 2
0.128789219709	25.0	175.0	110.0	310.0	 2
0.130117179051	25.0	174.0	111.0	310.0	 2
0.13289323803	24.0	175.0	111.0	310.0	 1
0.138456281285	23.0	176.0	111.0	310.0	 1
0.141162603254	23.0	175.0	112.0	310.0	 2
0.144216912883	22.0	176.0	112.0	310.0	 1
0.153033717224	22.0	175.0	113.0	310.0	 2
0.154217607657	21.0	176.0	113.0	310.0	 1
0.166072836586	20.0	177.0	113.0	310.0	 1
0.173245557256	19.0	178.0	113.0	310.0	 1
0.173832683357	19.0	177.0	114.0	310.0	 2
0.176322265027	18.0	178.0	114.0	310.0	 1
0.17901405118	17.0	179.0	114.0	310.0	 1
0.186791108421	16.0	180.0	114.0	310.0	 1
0.189443490356	16.0	179.0	115.0	310.0	 2
0.191178568066	15.0	180.0	115.0	310.0	 1
0.192535936433	15.0	179.0	116.0	310.0	 2
0.194454718385	15.0	178.0	117.0	310.0	 2
0.194731112179	14.0	179.0	117.0	310.0	 1
0.19894487683	13.0	180.0	117.0	310.0	 1
0.201145086916	13.0	179.0	118.0	310.0	 2
0.203855494733	13.0	178.0	119.0	310.0	 2
0.208411842281	13.0	177.0	120.0	310.0	 2
0.209306006444	13.0	176.0	121.0	310.0	 2
0.212891254287	12.0	177.0	121.0	310.0	 1
0.21869798794	12.0	176.0	122.0	310.0	 2
0.219848577215	12.0	175.0	123.0	310.0	 2
0.222433935473	12.0	174.0	124.0	310.0	 2
0.225400192605	12.0	173.0	125.0	310.0	 2
0.226017633856	11.0	174.0	125.0	310.0	 1
0.228475574688	10.0	175.0	125.0	310.0	 1
0.234200818734	10.0	174.0	126.0	310.0	 2
0.240038294415	10.0	173.0	127.0	310.0	 2
0.241901973816	10.0	172.0	128.0	310.0	 2
0.244776608301	10.0	171.0	129.0	310.0	 2
0.245278847159	10.0	170.0	130.0	310.0	 2
0.251934802641	9.0	171.0	130.0	310.0	 1
0.258054259954	9.0	170.0	131.0	310.0	 2
0.265605336925	9.0	169.0	132.0	310.0	 2
0.271995705939	9.0	168.0	133.0	310.0	 2
0.279553835119	8.0	169.0	133.0	310.0	 1
0.295709393205	8.0	168.0	134.0	310.0	 2
0.298857684128	8.0	167.0	135.0	310.0	 2
0.300999189082	7.0	168.0	135.0	310.0	 1
0.326182961008	7.0	167.0	136.0	310.0	 2
0.332832131747	7.0	166.0	137.0	310.0	 2
0.35072600763	7.0	165.0	138.0	310.0	 2
0.351801845635	7.0	164.0	139.0	310.0	 2
0.354188500099	7.0	163.0	140.0	310.0	 2
0.370389511569	6.0	164.0	140.0	310.0	 1
0.372634381481	5.0	165.0	140.0	310.0	 1
0.376459274278	5.0	164.0	141.0	310.0	 2
0.378937491887	5.0	163.0	142.0	310.0	 2
0.383353113512	5.0	162.0	143.0	310.0	 2
0.389493833348	4.0	163.0	143.0	310.0	 1
0.401781946201	4.0	162.0	144.0	310.0	 2
0.407503459134	4.0	161.0	145.0	310.0	 2
0.410194583905	4.0	160.0	146.0	310.0	 2
0.418071828576	4.0	159.0	147.0	310.0	 2
0.418300929381	4.0	158.0	148.0	310.0	 2
0.421200876099	4.0	157.0	149.0	310.0	 2
0.436326721784	4.0	156.0	150.0	310.0	 2
0.445201409697	4.0	155.0	151.0	310.0	 2
0.454545454545	4.0	155.0	151.0	310.0	 0
