# reactions: 2
Time	S	I	R	N	Fired Reaction
0.0	46.0	181.0	83.0	310.0	 0
0.00182324200241	45.0	182.0	83.0	310.0	 1
0.0108390488875	45.0	181.0	84.0	310.0	 2
0.0124849446195	45.0	180.0	85.0	310.0	 2
0.0148805951296	45.0	179.0	86.0	310.0	 2
0.0158141392881	45.0	178.0	87.0	310.0	 2
0.0158964461624	44.0	179.0	87.0	310.0	 1
0.0240234750002	43.0	180.0	87.0	310.0	 1
0.0266515617455	42.0	181.0	87.0	310.0	 1
0.0279378749596	41.0	182.0	87.0	310.0	 1
0.0288041172522	40.0	183.0	87.0	310.0	 1
0.0306280017041	39.0	184.0	87.0	310.0	 1
0.0311329357115	39.0	183.0	88.0	310.0	 2
0.0326901991671	38.0	184.0	88.0	310.0	 1
0.034057732875	37.0	185.0	88.0	310.0	 1
0.0349289255908	36.0	186.0	88.0	310.0	 1
0.0390714425334	36.0	185.0	89.0	310.0	 2
0.0405213649614	36.0	184.0	90.0	310.0	 2
0.0416168139971	35.0	185.0	90.0	310.0	 1
0.043828096316	34.0	186.0	90.0	310.0	 1
0.0480075968032	34.0	185.0	91.0	310.0	 2
0.0499534860382	34.0	184.0	92.0	310.0	 2
0.053140407674	34.0	183.0	93.0	310.0	 2
0.0572875048096	34.0	182.0	94.0	310.0	 2
0.0611235942891	34.0	181.0	95.0	310.0	 2
0.0626105636998	34.0	180.0	96.0	310.0	 2
0.0632066402836	33.0	181.0	96.0	310.0	 1
0.0682051941227	32.0	182.0	96.0	310.0	 1
0.0694307542714	32.0	181.0	97.0	310.0	 2
0.0699651636742	32.0	180.0	98.0	310.0	 2
0.0720627645931	31.0	181.0	98.0	310.0	 1
0.0737022743494	31.0	180.0	99.0	310.0	 2
0.0755700889814	30.0	181.0	99.0	310.0	 1
0.0815298964518	30.0	180.0	100.0	310.0	 2
0.0826132630881	29.0	181.0	100.0	310.0	 1
0.083834951762	29.0	180.0	101.0	310.0	 2
0.0926006689529	28.0	181.0	101.0	310.0	 1
0.0952743622918	27.0	182.0	101.0	310.0	 1
0.110514501763	26.0	183.0	101.0	310.0	 1
0.111044641939	26.0	182.0	102.0	310.0	 2
0.116343902824	26.0	181.0	103.0	310.0	 2
0.120461711457	26.0	180.0	104.0	310.0	 2
0.131729874289	26.0	179.0	105.0	310.0	 2
0.134230189692	26.0	178.0	106.0	310.0	 2
0.140643387887	26.0	177.0	107.0	310.0	 2
0.151200771871	26.0	176.0	108.0	310.0	 2
0.151248401297	26.0	175.0	109.0	310.0	 2
0.15505376436	26.0	174.0	110.0	310.0	 2
0.157898241886	26.0	173.0	111.0	310.0	 2
0.159982638454	25.0	174.0	111.0	310.0	 1
0.163592220046	24.0	175.0	111.0	310.0	 1
0.164362899358	24.0	174.0	112.0	310.0	 2
0.16649620353	24.0	173.0	113.0	310.0	 2
0.174157072555	24.0	172.0	114.0	310.0	 2
0.175405672652	24.0	171.0	115.0	310.0	 2
0.180659871319	24.0	170.0	116.0	310.0	 2
0.183969144069	24.0	169.0	117.0	310.0	 2
0.187714245538	23.0	170.0	117.0	310.0	 1
0.195670890978	22.0	171.0	117.0	310.0	 1
0.198432019175	22.0	170.0	118.0	310.0	 2
0.208630049988	21.0	171.0	118.0	310.0	 1
0.211211996401	20.0	172.0	118.0	310.0	 1
0.214300491604	20.0	171.0	119.0	310.0	 2
0.21930730931	20.0	170.0	120.0	310.0	 2
0.223836920151	20.0	169.0	121.0	310.0	 2
0.224118574649	20.0	168.0	122.0	310.0	 2
0.227639249438	20.0	167.0	123.0	310.0	 2
0.233539071092	19.0	168.0	123.0	310.0	 1
0.236102543703	18.0	169.0	123.0	310.0	 1
0.243657469485	17.0	170.0	123.0	310.0	 1
0.250347727889	17.0	169.0	124.0	310.0	 2
0.250942013434	16.0	170.0	124.0	310.0	 1
0.250967467231	16.0	169.0	125.0	310.0	 2
0.255434513718	16.0	168.0	126.0	310.0	 2
0.255447464611	15.0	169.0	126.0	310.0	 1
0.273529233387	15.0	168.0	127.0	310.0	 2
0.276524808386	15.0	167.0	128.0	310.0	 2
0.277022883581	14.0	168.0	128.0	310.0	 1
0.277349317205	14.0	167.0	129.0	310.0	 2
0.279619501655	14.0	166.0	130.0	310.0	 2
0.280593525556	14.0	165.0	131.0	310.0	 2
0.282317388003	14.0	164.0	132.0	310.0	 2
0.29294091346	14.0	163.0	133.0	310.0	 2
0.306491922796	14.0	162.0	134.0	310.0	 2
0.306796538621	13.0	163.0	134.0	310.0	 1
0.31115190656	13.0	162.0	135.0	310.0	 2
0.32613557782	13.0	161.0	136.0	310.0	 2
0.326909702104	12.0	162.0	136.0	310.0	 1
0.328689694961	12.0	161.0	137.0	310.0	 2
0.336724406285	12.0	160.0	138.0	310.0	 2
0.336924779321	12.0	159.0	139.0	310.0	 2
0.337414763019	12.0	158.0	140.0	310.0	 2
0.345175718829	12.0	157.0	141.0	310.0	 2
0.347506645596	12.0	156.0	142.0	310.0	 2
0.35046490953	12.0	155.0	143.0	310.0	 2
0.35286081073	12.0	154.0	144.0	310.0	 2
0.360839056669	12.0	153.0	145.0	310.0	 2
0.367125741571	12.0	152.0	146.0	310.0	 2
0.372207205239	12.0	151.0	147.0	310.0	 2
0.37308357185	12.0	150.0	148.0	310.0	 2
0.375577435729	11.0	151.0	148.0	310.0	 1
0.377659130292	11.0	150.0	149.0	310.0	 2
0.378984222859	11.0	149.0	150.0	310.0	 2
0.384421572748	10.0	150.0	150.0	310.0	 1
0.388882337515	10.0	149.0	151.0	310.0	 2
0.390572929923	10.0	148.0	152.0	310.0	 2
0.396241200144	9.0	149.0	152.0	310.0	 1
0.399935316324	9.0	148.0	153.0	310.0	 2
0.400146383285	8.0	149.0	153.0	310.0	 1
0.401985994334	7.0	150.0	153.0	310.0	 1
0.403372461154	7.0	149.0	154.0	310.0	 2
0.407615647194	7.0	148.0	155.0	310.0	 2
0.415505696376	7.0	147.0	156.0	310.0	 2
0.416608208122	7.0	146.0	157.0	310.0	 2
0.41733170558	6.0	147.0	157.0	310.0	 1
0.42408313225	6.0	146.0	158.0	310.0	 2
0.429556302162	6.0	145.0	159.0	310.0	 2
0.430218634061	6.0	144.0	160.0	310.0	 2
0.433175575413	6.0	143.0	161.0	310.0	 2
0.434580551188	6.0	142.0	162.0	310.0	 2
0.436634275058	6.0	141.0	163.0	310.0	 2
0.440509181677	6.0	140.0	164.0	310.0	 2
0.454545454545	6.0	140.0	164.0	310.0	 0
