# reactions: 2
Time	S	I	R	N	Fired Reaction
0.0	46.0	181.0	83.0	310.0	 0
0.00126420766779	46.0	180.0	84.0	310.0	 2
0.0073156044229	46.0	179.0	85.0	310.0	 2
0.00888252080896	45.0	180.0	85.0	310.0	 1
0.00986908942022	45.0	179.0	86.0	310.0	 2
0.0110279114273	45.0	178.0	87.0	310.0	 2
0.0121198936867	45.0	177.0	88.0	310.0	 2
0.0126228304453	45.0	176.0	89.0	310.0	 2
0.0166208298125	45.0	175.0	90.0	310.0	 2
0.0174927225836	44.0	176.0	90.0	310.0	 1
0.0232829448132	43.0	177.0	90.0	310.0	 1
0.0233188323736	42.0	178.0	90.0	310.0	 1
0.0235844098229	42.0	177.0	91.0	310.0	 2
0.042576990886	41.0	178.0	91.0	310.0	 1
0.0459895336594	41.0	177.0	92.0	310.0	 2
0.047374709274	41.0	176.0	93.0	310.0	 2
0.0474696480937	40.0	177.0	93.0	310.0	 1
0.0522573863454	39.0	178.0	93.0	310.0	 1
0.0528877778498	39.0	177.0	94.0	310.0	 2
0.0534454530145	39.0	176.0	95.0	310.0	 2
0.0553036471865	39.0	175.0	96.0	310.0	 2
0.0554952497318	39.0	174.0	97.0	310.0	 2
0.0576525832944	39.0	173.0	98.0	310.0	 2
0.0597044147195	38.0	174.0	98.0	310.0	 1
0.0600851434183	37.0	175.0	98.0	310.0	 1
0.0618041366235	37.0	174.0	99.0	310.0	 2
0.0650780491992	36.0	175.0	99.0	310.0	 1
0.0667433265817	35.0	176.0	99.0	310.0	 1
0.0734576088148	35.0	175.0	100.0	310.0	 2
0.0751356376811	35.0	174.0	101.0	310.0	 2
0.0756221764179	35.0	173.0	102.0	310.0	 2
0.0770001071803	34.0	174.0	102.0	310.0	 1
0.0798375080199	33.0	175.0	102.0	310.0	 1
0.0808689039183	32.0	176.0	102.0	310.0	 1
0.0846406696043	32.0	175.0	103.0	310.0	 2
0.0847022699619	32.0	174.0	104.0	310.0	 2
0.0857525993911	32.0	173.0	105.0	310.0	 2
0.0887999977499	32.0	172.0	106.0	310.0	 2
0.0912404117783	32.0	171.0	107.0	310.0	 2
0.0980092108822	31.0	172.0	107.0	310.0	 1
0.0990831386134	31.0	171.0	108.0	310.0	 2
0.0997404258271	30.0	172.0	108.0	310.0	 1
0.103501959712	30.0	171.0	109.0	310.0	 2
0.103683083784	29.0	172.0	109.0	310.0	 1
0.10611322144	29.0	171.0	110.0	310.0	 2
0.106435141488	28.0	172.0	110.0	310.0	 1
0.107926338434	28.0	171.0	111.0	310.0	 2
0.10823562034	28.0	170.0	112.0	310.0	 2
0.111634847204	27.0	171.0	112.0	310.0	 1
0.115328420967	26.0	172.0	112.0	310.0	 1
0.115419544046	26.0	171.0	113.0	310.0	 2
0.119074784614	26.0	170.0	114.0	310.0	 2
0.120368019373	26.0	169.0	115.0	310.0	 2
0.121072174031	26.0	168.0	116.0	310.0	 2
0.123764636549	26.0	167.0	117.0	310.0	 2
0.123932644772	25.0	168.0	117.0	310.0	 1
0.12395527424	24.0	169.0	117.0	310.0	 1
0.124493826637	23.0	170.0	117.0	310.0	 1
0.126257928561	22.0	171.0	117.0	310.0	 1
0.127653974138	22.0	170.0	118.0	310.0	 2
0.133532905736	22.0	169.0	119.0	310.0	 2
0.136506231861	21.0	170.0	119.0	310.0	 1
0.137222864465	21.0	169.0	120.0	310.0	 2
0.148942672934	20.0	170.0	120.0	310.0	 1
0.149682631935	20.0	169.0	121.0	310.0	 2
0.160816491419	19.0	170.0	121.0	310.0	 1
0.165350889696	19.0	169.0	122.0	310.0	 2
0.171001250054	18.0	170.0	122.0	310.0	 1
0.172063071138	17.0	171.0	122.0	310.0	 1
0.178958175152	17.0	170.0	123.0	310.0	 2
0.18754689358	17.0	169.0	124.0	310.0	 2
0.193833867817	16.0	170.0	124.0	310.0	 1
0.19610854925	15.0	171.0	124.0	310.0	 1
0.198829544373	14.0	172.0	124.0	310.0	 1
0.202265929558	13.0	173.0	124.0	310.0	 1
0.204231126655	13.0	172.0	125.0	310.0	 2
0.207001222794	13.0	171.0	126.0	310.0	 2
0.209391433631	12.0	172.0	126.0	310.0	 1
0.210056622394	12.0	171.0	127.0	310.0	 2
0.211923194265	11.0	172.0	127.0	310.0	 1
0.21237941338	11.0	171.0	128.0	310.0	 2
0.217049168764	11.0	170.0	129.0	310.0	 2
0.226803375244	11.0	169.0	130.0	310.0	 2
0.227282260601	11.0	168.0	131.0	310.0	 2
0.235482630089	11.0	167.0	132.0	310.0	 2
0.244933290129	10.0	168.0	132.0	310.0	 1
0.245434553316	10.0	167.0	133.0	310.0	 2
0.265461900292	10.0	166.0	134.0	310.0	 2
0.273680088572	10.0	165.0	135.0	310.0	 2
0.273765573048	10.0	164.0	136.0	310.0	 2
0.27487782985	10.0	163.0	137.0	310.0	 2
0.275270257597	10.0	162.0	138.0	310.0	 2
0.27756197819	9.0	163.0	138.0	310.0	 1
0.280007094055	9.0	162.0	139.0	310.0	 2
0.287025733209	9.0	161.0	140.0	310.0	 2
0.288835037601	9.0	160.0	141.0	310.0	 2
0.292826982452	9.0	159.0	142.0	310.0	 2
0.295460393925	8.0	160.0	142.0	310.0	 1
0.298104418367	8.0	159.0	143.0	310.0	 2
0.301345104946	8.0	158.0	144.0	310.0	 2
0.305489704119	7.0	159.0	144.0	310.0	 1
0.307530619092	7.0	158.0	145.0	310.0	 2
0.309367118149	7.0	157.0	146.0	310.0	 2
0.312472235561	6.0	158.0	146.0	310.0	 1
0.316487288128	6.0	157.0	147.0	310.0	 2
0.318515225227	6.0	156.0	148.0	310.0	 2
0.323262542838	6.0	155.0	149.0	310.0	 2
0.323412453582	6.0	154.0	150.0	310.0	 2
0.327121223103	6.0	153.0	151.0	310.0	 2
0.329807268501	6.0	152.0	152.0	310.0	 2
0.333878342147	6.0	151.0	153.0	310.0	 2
0.335679241781	6.0	150.0	154.0	310.0	 2
0.337245569862	6.0	149.0	155.0	310.0	 2
0.33802256785	6.0	148.0	156.0	310.0	 2
0.348091313083	6.0	147.0	157.0	310.0	 2
0.348876653174	6.0	146.0	158.0	310.0	 2
0.353354455229	6.0	145.0	159.0	310.0	 2
0.364952984207	6.0	144.0	160.0	310.0	 2
0.367905759615	6.0	143.0	161.0	310.0	 2
0.383948500145	6.0	142.0	162.0	310.0	 2
0.384954824817	5.0	143.0	162.0	310.0	 1
0.387008072689	5.0	142.0	163.0	310.0	 2
0.389445161303	5.0	141.0	164.0	310.0	 2
0.407247127384	5.0	140.0	165.0	310.0	 2
0.415492863065	4.0	141.0	165.0	310.0	 1
0.42122793672	4.0	140.0	166.0	310.0	 2
0.421993851936	4.0	139.0	167.0	310.0	 2
0.429714694599	4.0	138.0	168.0	310.0	 2
0.431274773073	4.0	137.0	169.0	310.0	 2
0.43446958194	4.0	136.0	170.0	310.0	 2
0.438804304963	4.0	135.0	171.0	310.0	 2
0.441390978986	4.0	134.0	172.0	310.0	 2
0.441597004567	4.0	133.0	173.0	310.0	 2
0.444894268584	4.0	132.0	174.0	310.0	 2
0.446697963861	4.0	131.0	175.0	310.0	 2
0.447813242567	4.0	130.0	176.0	310.0	 2
0.454245853563	4.0	129.0	177.0	310.0	 2
0.454545454545	4.0	129.0	177.0	310.0	 0
