# reactions: 2
Time	S	I	R	N	Fired Reaction
0.0	46.0	181.0	83.0	310.0	 0
0.00356060106469	46.0	180.0	84.0	310.0	 2
0.00583343597602	45.0	181.0	84.0	310.0	 1
0.00599211495109	44.0	182.0	84.0	310.0	 1
0.0125694698302	44.0	181.0	85.0	310.0	 2
0.0163321130035	44.0	180.0	86.0	310.0	 2
0.0185487026751	44.0	179.0	87.0	310.0	 2
0.0232125468614	43.0	180.0	87.0	310.0	 1
0.0258187473624	43.0	179.0	88.0	310.0	 2
0.026091504765	42.0	180.0	88.0	310.0	 1
0.0268400727898	41.0	181.0	88.0	310.0	 1
0.0288172984186	41.0	180.0	89.0	310.0	 2
0.0305022275784	41.0	179.0	90.0	310.0	 2
0.0338963765251	41.0	178.0	91.0	310.0	 2
0.036769369778	41.0	177.0	92.0	310.0	 2
0.0415445944899	40.0	178.0	92.0	310.0	 1
0.0443199673695	40.0	177.0	93.0	310.0	 2
0.0538423388088	39.0	178.0	93.0	310.0	 1
0.0563805698458	39.0	177.0	94.0	310.0	 2
0.0565136667344	38.0	178.0	94.0	310.0	 1
0.0578165036846	37.0	179.0	94.0	310.0	 1
0.0651470680067	37.0	178.0	95.0	310.0	 2
0.066859968642	37.0	177.0	96.0	310.0	 2
0.0681509584551	36.0	178.0	96.0	310.0	 1
0.0708921513393	36.0	177.0	97.0	310.0	 2
0.0721169900519	35.0	178.0	97.0	310.0	 1
0.0728022713508	35.0	177.0	98.0	310.0	 2
0.0769926711883	35.0	176.0	99.0	310.0	 2
0.0779848579054	34.0	177.0	99.0	310.0	 1
0.0795886500064	34.0	176.0	100.0	310.0	 2
0.0801324937822	34.0	175.0	101.0	310.0	 2
0.0828132658782	34.0	174.0	102.0	310.0	 2
0.0865806854544	34.0	173.0	103.0	310.0	 2
0.0893079433476	34.0	172.0	104.0	310.0	 2
0.0913715655929	34.0	171.0	105.0	310.0	 2
0.0945979602763	34.0	170.0	106.0	310.0	 2
0.101317282634	33.0	171.0	106.0	310.0	 1
0.106008294654	32.0	172.0	106.0	310.0	 1
0.107309627749	32.0	171.0	107.0	310.0	 2
0.107799602878	32.0	170.0	108.0	310.0	 2
0.10865202405	31.0	171.0	108.0	310.0	 1
0.109206166043	30.0	172.0	108.0	310.0	 1
0.116069602849	29.0	173.0	108.0	310.0	 1
0.117843632563	29.0	172.0	109.0	310.0	 2
0.119342925336	29.0	171.0	110.0	310.0	 2
0.122804462653	28.0	172.0	110.0	310.0	 1
0.124207228605	27.0	173.0	110.0	310.0	 1
0.125863214869	27.0	172.0	111.0	310.0	 2
0.129443337486	26.0	173.0	111.0	310.0	 1
0.132100865111	26.0	172.0	112.0	310.0	 2
0.136014509981	25.0	173.0	112.0	310.0	 1
0.154375687199	24.0	174.0	112.0	310.0	 1
0.155742274474	24.0	173.0	113.0	310.0	 2
0.163864851373	24.0	172.0	114.0	310.0	 2
0.169032032261	24.0	171.0	115.0	310.0	 2
0.171152380636	23.0	172.0	115.0	310.0	 1
0.172118147021	23.0	171.0	116.0	310.0	 2
0.177708803338	23.0	170.0	117.0	310.0	 2
0.179627695437	23.0	169.0	118.0	310.0	 2
0.183041251149	22.0	170.0	118.0	310.0	 1
0.18364504329	22.0	169.0	119.0	310.0	 2
0.184557645647	22.0	168.0	120.0	310.0	 2
0.191384653298	22.0	167.0	121.0	310.0	 2
0.195419812162	22.0	166.0	122.0	310.0	 2
0.196685194601	21.0	167.0	122.0	310.0	 1
0.197349026299	20.0	168.0	122.0	310.0	 1
0.19945328372	19.0	169.0	122.0	310.0	 1
0.209942786827	18.0	170.0	122.0	310.0	 1
0.214226370424	18.0	169.0	123.0	310.0	 2
0.2180714336	17.0	170.0	123.0	310.0	 1
0.219482969086	17.0	169.0	124.0	310.0	 2
0.219507970139	17.0	168.0	125.0	310.0	 2
0.229946536904	16.0	169.0	125.0	310.0	 1
0.233008985236	16.0	168.0	126.0	310.0	 2
0.244680820518	16.0	167.0	127.0	310.0	 2
0.245684237695	16.0	166.0	128.0	310.0	 2
0.247463319267	15.0	167.0	128.0	310.0	 1
0.271125417886	15.0	166.0	129.0	310.0	 2
0.273864321398	15.0	165.0	130.0	310.0	 2
0.275572683793	15.0	164.0	131.0	310.0	 2
0.275581565193	14.0	165.0	131.0	310.0	 1
0.279747499387	14.0	164.0	132.0	310.0	 2
0.281305775515	14.0	163.0	133.0	310.0	 2
0.285030211404	14.0	162.0	134.0	310.0	 2
0.287917068493	14.0	161.0	135.0	310.0	 2
0.297257063569	13.0	162.0	135.0	310.0	 1
0.306597574379	13.0	161.0	136.0	310.0	 2
0.315460404964	13.0	160.0	137.0	310.0	 2
0.315574087614	13.0	159.0	138.0	310.0	 2
0.320291935412	13.0	158.0	139.0	310.0	 2
0.324837459168	13.0	157.0	140.0	310.0	 2
0.326068543999	13.0	156.0	141.0	310.0	 2
0.328221884548	12.0	157.0	141.0	310.0	 1
0.328781315351	12.0	156.0	142.0	310.0	 2
0.331092936088	11.0	157.0	142.0	310.0	 1
0.332683743135	10.0	158.0	142.0	310.0	 1
0.33473988652	10.0	157.0	143.0	310.0	 2
0.349666596813	10.0	156.0	144.0	310.0	 2
0.351187209103	10.0	155.0	145.0	310.0	 2
0.353867255923	10.0	154.0	146.0	310.0	 2
0.362126355525	10.0	153.0	147.0	310.0	 2
0.378907983409	9.0	154.0	147.0	310.0	 1
0.378972233144	9.0	153.0	148.0	310.0	 2
0.380914615799	9.0	152.0	149.0	310.0	 2
0.388134230866	8.0	153.0	149.0	310.0	 1
0.391747577779	8.0	152.0	150.0	310.0	 2
0.393441065088	8.0	151.0	151.0	310.0	 2
0.408005980273	8.0	150.0	152.0	310.0	 2
0.411458272876	7.0	151.0	152.0	310.0	 1
0.417145368927	7.0	150.0	153.0	310.0	 2
0.418167521499	7.0	149.0	154.0	310.0	 2
0.427619799633	7.0	148.0	155.0	310.0	 2
0.431734974801	7.0	147.0	156.0	310.0	 2
0.434997185856	7.0	146.0	157.0	310.0	 2
0.448086032396	7.0	145.0	158.0	310.0	 2
0.450946869726	6.0	146.0	158.0	310.0	 1
0.454545454545	6.0	146.0	158.0	310.0	 0
