# reactions: 2
Time	S	I	R	N	Fired Reaction
0.0	46.0	181.0	83.0	310.0	 0
0.00384712111688	46.0	180.0	84.0	310.0	 2
0.00589102949682	45.0	181.0	84.0	310.0	 1
0.0059943884514	45.0	180.0	85.0	310.0	 2
0.0103438084868	45.0	179.0	86.0	310.0	 2
0.0120204173699	45.0	178.0	87.0	310.0	 2
0.0136667483263	45.0	177.0	88.0	310.0	 2
0.0139887183467	44.0	178.0	88.0	310.0	 1
0.0149831942042	44.0	177.0	89.0	310.0	 2
0.0154463823181	43.0	178.0	89.0	310.0	 1
0.0154952348204	42.0	179.0	89.0	310.0	 1
0.0164583733328	41.0	180.0	89.0	310.0	 1
0.0214735331988	40.0	181.0	89.0	310.0	 1
0.0229822480489	39.0	182.0	89.0	310.0	 1
0.0248617022236	39.0	181.0	90.0	310.0	 2
0.0256729482374	38.0	182.0	90.0	310.0	 1
0.0326885894501	37.0	183.0	90.0	310.0	 1
0.0334595593218	36.0	184.0	90.0	310.0	 1
0.0341337289704	35.0	185.0	90.0	310.0	 1
0.0426448373433	35.0	184.0	91.0	310.0	 2
0.0438493127102	34.0	185.0	91.0	310.0	 1
0.044697097976	34.0	184.0	92.0	310.0	 2
0.0462289925053	33.0	185.0	92.0	310.0	 1
0.0463517224197	33.0	184.0	93.0	310.0	 2
0.0496593332796	32.0	185.0	93.0	310.0	 1
0.0529182658259	31.0	186.0	93.0	310.0	 1
0.0563395248951	31.0	185.0	94.0	310.0	 2
0.0583248540001	31.0	184.0	95.0	310.0	 2
0.0588944223934	31.0	183.0	96.0	310.0	 2
0.0624920857781	31.0	182.0	97.0	310.0	 2
0.0630329154051	30.0	183.0	97.0	310.0	 1
0.0695847975096	30.0	182.0	98.0	310.0	 2
0.0770165575413	30.0	181.0	99.0	310.0	 2
0.0777363622095	29.0	182.0	99.0	310.0	 1
0.0785985196006	28.0	183.0	99.0	310.0	 1
0.0793430711001	27.0	184.0	99.0	310.0	 1
0.0798517030841	27.0	183.0	100.0	310.0	 2
0.0847920833171	27.0	182.0	101.0	310.0	 2
0.0869971325815	27.0	181.0	102.0	310.0	 2
0.0881022499892	26.0	182.0	102.0	310.0	 1
0.0917740613278	26.0	181.0	103.0	310.0	 2
0.1014275336	25.0	182.0	103.0	310.0	 1
0.107619367936	25.0	181.0	104.0	310.0	 2
0.108997215877	25.0	180.0	105.0	310.0	 2
0.112139341665	24.0	181.0	105.0	310.0	 1
0.113289027324	24.0	180.0	106.0	310.0	 2
0.115072985136	24.0	179.0	107.0	310.0	 2
0.121968394403	23.0	180.0	107.0	310.0	 1
0.13621613046	23.0	179.0	108.0	310.0	 2
0.138585679026	23.0	178.0	109.0	310.0	 2
0.145116688459	22.0	179.0	109.0	310.0	 1
0.149638281655	21.0	180.0	109.0	310.0	 1
0.15308432138	20.0	181.0	109.0	310.0	 1
0.153758643846	19.0	182.0	109.0	310.0	 1
0.160451880538	19.0	181.0	110.0	310.0	 2
0.161040796185	18.0	182.0	110.0	310.0	 1
0.161813750637	18.0	181.0	111.0	310.0	 2
0.170018064701	18.0	180.0	112.0	310.0	 2
0.172823661786	18.0	179.0	113.0	310.0	 2
0.175413953736	18.0	178.0	114.0	310.0	 2
0.17823701286	18.0	177.0	115.0	310.0	 2
0.185988344481	18.0	176.0	116.0	310.0	 2
0.186205599121	17.0	177.0	116.0	310.0	 1
0.186479187294	17.0	176.0	117.0	310.0	 2
0.189274553023	16.0	177.0	117.0	310.0	 1
0.194775463408	15.0	178.0	117.0	310.0	 1
0.197145384202	14.0	179.0	117.0	310.0	 1
0.206006458778	14.0	178.0	118.0	310.0	 2
0.206696924144	14.0	177.0	119.0	310.0	 2
0.207653359236	14.0	176.0	120.0	310.0	 2
0.21015293912	14.0	175.0	121.0	310.0	 2
0.212590678688	14.0	174.0	122.0	310.0	 2
0.212927027301	14.0	173.0	123.0	310.0	 2
0.213753427252	13.0	174.0	123.0	310.0	 1
0.215461303676	13.0	173.0	124.0	310.0	 2
0.216531533303	13.0	172.0	125.0	310.0	 2
0.218440434949	12.0	173.0	125.0	310.0	 1
0.221929686546	12.0	172.0	126.0	310.0	 2
0.226468154906	12.0	171.0	127.0	310.0	 2
0.230330476159	12.0	170.0	128.0	310.0	 2
0.230884013368	12.0	169.0	129.0	310.0	 2
0.242179065134	12.0	168.0	130.0	310.0	 2
0.244921094005	12.0	167.0	131.0	310.0	 2
0.259409339959	11.0	168.0	131.0	310.0	 1
0.26901958206	11.0	167.0	132.0	310.0	 2
0.269579773173	11.0	166.0	133.0	310.0	 2
0.272579280608	11.0	165.0	134.0	310.0	 2
0.273735033419	11.0	164.0	135.0	310.0	 2
0.285749780448	10.0	165.0	135.0	310.0	 1
0.292231706988	9.0	166.0	135.0	310.0	 1
0.294844669387	9.0	165.0	136.0	310.0	 2
0.297516559148	8.0	166.0	136.0	310.0	 1
0.303493563518	8.0	165.0	137.0	310.0	 2
0.310119862452	8.0	164.0	138.0	310.0	 2
0.310350266697	8.0	163.0	139.0	310.0	 2
0.312501048677	7.0	164.0	139.0	310.0	 1
0.313682897298	7.0	163.0	140.0	310.0	 2
0.314184664113	7.0	162.0	141.0	310.0	 2
0.316446230014	7.0	161.0	142.0	310.0	 2
0.317723265788	7.0	160.0	143.0	310.0	 2
0.320135343565	7.0	159.0	144.0	310.0	 2
0.339603628865	7.0	158.0	145.0	310.0	 2
0.346058145835	7.0	157.0	146.0	310.0	 2
0.375575680384	7.0	156.0	147.0	310.0	 2
0.390708356454	7.0	155.0	148.0	310.0	 2
0.403901555765	7.0	154.0	149.0	310.0	 2
0.405276893196	7.0	153.0	150.0	310.0	 2
0.411110511934	7.0	152.0	151.0	310.0	 2
0.412889845547	7.0	151.0	152.0	310.0	 2
0.420612145693	7.0	150.0	153.0	310.0	 2
0.426142832848	7.0	149.0	154.0	310.0	 2
0.428211291005	6.0	150.0	154.0	310.0	 1
0.432084421744	6.0	149.0	155.0	310.0	 2
0.445308835713	6.0	148.0	156.0	310.0	 2
0.454545454545	6.0	148.0	156.0	310.0	 0
