# reactions: 2
Time	S	I	R	N	Fired Reaction
0.0	46.0	181.0	83.0	310.0	 0
0.00333619718133	46.0	180.0	84.0	310.0	 2
0.00350339453372	46.0	179.0	85.0	310.0	 2
0.0115680710436	45.0	180.0	85.0	310.0	 1
0.0136644529698	45.0	179.0	86.0	310.0	 2
0.0199811239213	44.0	180.0	86.0	310.0	 1
0.0207153932337	43.0	181.0	86.0	310.0	 1
0.0233618018617	43.0	180.0	87.0	310.0	 2
0.0257190892213	42.0	181.0	87.0	310.0	 1
0.0259475129578	41.0	182.0	87.0	310.0	 1
0.0278797151021	40.0	183.0	87.0	310.0	 1
0.0378411864325	39.0	184.0	87.0	310.0	 1
0.0411374029829	39.0	183.0	88.0	310.0	 2
0.0416241584369	39.0	182.0	89.0	310.0	 2
0.0421994763686	38.0	183.0	89.0	310.0	 1
0.0433544001137	37.0	184.0	89.0	310.0	 1
0.0494527138927	37.0	183.0	90.0	310.0	 2
0.0508282242082	36.0	184.0	90.0	310.0	 1
0.0521514651767	36.0	183.0	91.0	310.0	 2
0.0550139450581	35.0	184.0	91.0	310.0	 1
0.0564398679705	35.0	183.0	92.0	310.0	 2
0.0593320976725	34.0	184.0	92.0	310.0	 1
0.0666340095266	34.0	183.0	93.0	310.0	 2
0.0678591218756	34.0	182.0	94.0	310.0	 2
0.0702927399121	34.0	181.0	95.0	310.0	 2
0.0712610090274	33.0	182.0	95.0	310.0	 1
0.0743692159847	32.0	183.0	95.0	310.0	 1
0.075535346009	32.0	182.0	96.0	310.0	 2
0.0792043440762	32.0	181.0	97.0	310.0	 2
0.0828449842376	31.0	182.0	97.0	310.0	 1
0.088938593472	31.0	181.0	98.0	310.0	 2
0.0901208142154	30.0	182.0	98.0	310.0	 1
0.0947333940612	29.0	183.0	98.0	310.0	 1
0.0987557997187	29.0	182.0	99.0	310.0	 2
0.10094527242	29.0	181.0	100.0	310.0	 2
0.101230798421	29.0	180.0	101.0	310.0	 2
0.102744285826	28.0	181.0	101.0	310.0	 1
0.104291126554	28.0	180.0	102.0	310.0	 2
0.106985692909	28.0	179.0	103.0	310.0	 2
0.110242153259	28.0	178.0	104.0	310.0	 2
0.116912129511	27.0	179.0	104.0	310.0	 1
0.118144608121	27.0	178.0	105.0	310.0	 2
0.11938030863	27.0	177.0	106.0	310.0	 2
0.12413894847	26.0	178.0	106.0	310.0	 1
0.126406000977	25.0	179.0	106.0	310.0	 1
0.128378432382	25.0	178.0	107.0	310.0	 2
0.130768665253	24.0	179.0	107.0	310.0	 1
0.13167046084	23.0	180.0	107.0	310.0	 1
0.134983062181	22.0	181.0	107.0	310.0	 1
0.140003191374	21.0	182.0	107.0	310.0	 1
0.14024596646	21.0	181.0	108.0	310.0	 2
0.14293813354	21.0	180.0	109.0	310.0	 2
0.15127498859	21.0	179.0	110.0	310.0	 2
0.154194261782	21.0	178.0	111.0	310.0	 2
0.156714413068	20.0	179.0	111.0	310.0	 1
0.158350533834	20.0	178.0	112.0	310.0	 2
0.16041452666	20.0	177.0	113.0	310.0	 2
0.163627194152	20.0	176.0	114.0	310.0	 2
0.170174888102	19.0	177.0	114.0	310.0	 1
0.172954655192	19.0	176.0	115.0	310.0	 2
0.180963982231	19.0	175.0	116.0	310.0	 2
0.183498285693	19.0	174.0	117.0	310.0	 2
0.183783700559	19.0	173.0	118.0	310.0	 2
0.192068812466	18.0	174.0	118.0	310.0	 1
0.195152995667	18.0	173.0	119.0	310.0	 2
0.196886068206	17.0	174.0	119.0	310.0	 1
0.201082744081	17.0	173.0	120.0	310.0	 2
0.204585128327	17.0	172.0	121.0	310.0	 2
0.205319008183	16.0	173.0	121.0	310.0	 1
0.213541317122	16.0	172.0	122.0	310.0	 2
0.213904559495	16.0	171.0	123.0	310.0	 2
0.219322444794	15.0	172.0	123.0	310.0	 1
0.226497818661	14.0	173.0	123.0	310.0	 1
0.226556569004	14.0	172.0	124.0	310.0	 2
0.228460749402	14.0	171.0	125.0	310.0	 2
0.232349213303	14.0	170.0	126.0	310.0	 2
0.236900327567	14.0	169.0	127.0	310.0	 2
0.239679355417	14.0	168.0	128.0	310.0	 2
0.241056650629	13.0	169.0	128.0	310.0	 1
0.242002445017	13.0	168.0	129.0	310.0	 2
0.244152948652	13.0	167.0	130.0	310.0	 2
0.261467839368	13.0	166.0	131.0	310.0	 2
0.264484021852	12.0	167.0	131.0	310.0	 1
0.266553532629	12.0	166.0	132.0	310.0	 2
0.270300784312	12.0	165.0	133.0	310.0	 2
0.273317442071	12.0	164.0	134.0	310.0	 2
0.27684552679	12.0	163.0	135.0	310.0	 2
0.281291830528	11.0	164.0	135.0	310.0	 1
0.284174266115	11.0	163.0	136.0	310.0	 2
0.285026838701	11.0	162.0	137.0	310.0	 2
0.285420383546	11.0	161.0	138.0	310.0	 2
0.2885859708	11.0	160.0	139.0	310.0	 2
0.297048401336	11.0	159.0	140.0	310.0	 2
0.30587286808	11.0	158.0	141.0	310.0	 2
0.314493460394	10.0	159.0	141.0	310.0	 1
0.315656580913	10.0	158.0	142.0	310.0	 2
0.31854353491	10.0	157.0	143.0	310.0	 2
0.319837074765	10.0	156.0	144.0	310.0	 2
0.323956074833	9.0	157.0	144.0	310.0	 1
0.331330725301	9.0	156.0	145.0	310.0	 2
0.332746646491	9.0	155.0	146.0	310.0	 2
0.341414613269	9.0	154.0	147.0	310.0	 2
0.365830634007	9.0	153.0	148.0	310.0	 2
0.368174614065	9.0	152.0	149.0	310.0	 2
0.373836778745	9.0	151.0	150.0	310.0	 2
0.375704979022	9.0	150.0	151.0	310.0	 2
0.375778624923	8.0	151.0	151.0	310.0	 1
0.382476294485	7.0	152.0	151.0	310.0	 1
0.393719550649	7.0	151.0	152.0	310.0	 2
0.396882371953	7.0	150.0	153.0	310.0	 2
0.415320212127	7.0	149.0	154.0	310.0	 2
0.415537494574	7.0	148.0	155.0	310.0	 2
0.416502931207	7.0	147.0	156.0	310.0	 2
0.423344251496	7.0	146.0	157.0	310.0	 2
0.429818894125	7.0	145.0	158.0	310.0	 2
0.44212581376	7.0	144.0	159.0	310.0	 2
0.450433708076	7.0	143.0	160.0	310.0	 2
0.454545454545	7.0	143.0	160.0	310.0	 0
