# reactions: 2
Time	S	I	R	N	Fired Reaction
0.0	46.0	181.0	83.0	310.0	 0
0.00130986892513	45.0	182.0	83.0	310.0	 1
0.0016139459083	45.0	181.0	84.0	310.0	 2
0.0049847518252	44.0	182.0	84.0	310.0	 1
0.00615622982683	43.0	183.0	84.0	310.0	 1
0.00625041808191	43.0	182.0	85.0	310.0	 2
0.00823885030959	42.0	183.0	85.0	310.0	 1
0.0145624910066	42.0	182.0	86.0	310.0	 2
0.016441691306	42.0	181.0	87.0	310.0	 2
0.0165804661966	41.0	182.0	87.0	310.0	 1
0.0188297240026	40.0	183.0	87.0	310.0	 1
0.0201628191789	39.0	184.0	87.0	310.0	 1
0.0293636074992	39.0	183.0	88.0	310.0	 2
0.0344461483177	39.0	182.0	89.0	310.0	 2
0.0347310037797	39.0	181.0	90.0	310.0	 2
0.0371269168535	39.0	180.0	91.0	310.0	 2
0.0379992356725	39.0	179.0	92.0	310.0	 2
0.0381873417824	38.0	180.0	92.0	310.0	 1
0.0386150032373	38.0	179.0	93.0	310.0	 2
0.0410447634041	37.0	180.0	93.0	310.0	 1
0.0418046253256	36.0	181.0	93.0	310.0	 1
0.0418446646369	36.0	180.0	94.0	310.0	 2
0.0487472251681	36.0	179.0	95.0	310.0	 2
0.0493169337314	36.0	178.0	96.0	310.0	 2
0.0563958743563	36.0	177.0	97.0	310.0	 2
0.0568774159415	36.0	176.0	98.0	310.0	 2
0.0598557446694	36.0	175.0	99.0	310.0	 2
0.062497912855	35.0	176.0	99.0	310.0	 1
0.0627959405446	34.0	177.0	99.0	310.0	 1
0.0647466057215	34.0	176.0	100.0	310.0	 2
0.0689490182457	34.0	175.0	101.0	310.0	 2
0.0735347551732	33.0	176.0	101.0	310.0	 1
0.0744750666244	33.0	175.0	102.0	310.0	 2
0.0754752253827	32.0	176.0	102.0	310.0	 1
0.0827287636027	32.0	175.0	103.0	310.0	 2
0.0835270622572	32.0	174.0	104.0	310.0	 2
0.0843556464235	31.0	175.0	104.0	310.0	 1
0.0875317777029	31.0	174.0	105.0	310.0	 2
0.0878869683541	30.0	175.0	105.0	310.0	 1
0.0888771172937	30.0	174.0	106.0	310.0	 2
0.0895645263789	30.0	173.0	107.0	310.0	 2
0.0943618320687	29.0	174.0	107.0	310.0	 1
0.0951141721774	28.0	175.0	107.0	310.0	 1
0.09811348355	28.0	174.0	108.0	310.0	 2
0.102965486924	28.0	173.0	109.0	310.0	 2
0.103041753275	28.0	172.0	110.0	310.0	 2
0.110155488311	27.0	173.0	110.0	310.0	 1
0.112027715328	26.0	174.0	110.0	310.0	 1
0.114713552507	25.0	175.0	110.0	310.0	 1
0.117020748783	25.0	174.0	111.0	310.0	 2
0.122304515778	25.0	173.0	112.0	310.0	 2
0.126204654126	25.0	172.0	113.0	310.0	 2
0.136030335593	25.0	171.0	114.0	310.0	 2
0.13817413059	24.0	172.0	114.0	310.0	 1
0.141906763717	24.0	171.0	115.0	310.0	 2
0.146349864609	24.0	170.0	116.0	310.0	 2
0.14998993034	23.0	171.0	116.0	310.0	 1
0.152617957138	22.0	172.0	116.0	310.0	 1
0.152798431017	22.0	171.0	117.0	310.0	 2
0.155429459885	22.0	170.0	118.0	310.0	 2
0.155675562057	21.0	171.0	118.0	310.0	 1
0.15573610803	21.0	170.0	119.0	310.0	 2
0.15622871815	21.0	169.0	120.0	310.0	 2
0.157482943861	21.0	168.0	121.0	310.0	 2
0.157502699054	21.0	167.0	122.0	310.0	 2
0.1602324692	20.0	168.0	122.0	310.0	 1
0.163250012069	19.0	169.0	122.0	310.0	 1
0.1639374313	19.0	168.0	123.0	310.0	 2
0.164502637737	19.0	167.0	124.0	310.0	 2
0.172567273465	19.0	166.0	125.0	310.0	 2
0.174241952782	18.0	167.0	125.0	310.0	 1
0.174726220101	17.0	168.0	125.0	310.0	 1
0.178699899325	17.0	167.0	126.0	310.0	 2
0.179314168176	17.0	166.0	127.0	310.0	 2
0.180609260595	17.0	165.0	128.0	310.0	 2
0.180950733051	17.0	164.0	129.0	310.0	 2
0.184455418579	17.0	163.0	130.0	310.0	 2
0.189712453081	17.0	162.0	131.0	310.0	 2
0.193746488677	17.0	161.0	132.0	310.0	 2
0.195064807378	17.0	160.0	133.0	310.0	 2
0.195089461392	17.0	159.0	134.0	310.0	 2
0.198205348755	17.0	158.0	135.0	310.0	 2
0.205383839529	17.0	157.0	136.0	310.0	 2
0.217017875675	17.0	156.0	137.0	310.0	 2
0.222722443476	16.0	157.0	137.0	310.0	 1
0.227809606839	15.0	158.0	137.0	310.0	 1
0.228595694738	14.0	159.0	137.0	310.0	 1
0.229835114273	14.0	158.0	138.0	310.0	 2
0.230285926194	14.0	157.0	139.0	310.0	 2
0.232793691439	14.0	156.0	140.0	310.0	 2
0.233941222312	13.0	157.0	140.0	310.0	 1
0.235603225751	13.0	156.0	141.0	310.0	 2
0.237061750507	12.0	157.0	141.0	310.0	 1
0.249982747297	11.0	158.0	141.0	310.0	 1
0.257938795696	10.0	159.0	141.0	310.0	 1
0.261059132642	9.0	160.0	141.0	310.0	 1
0.265092359439	9.0	159.0	142.0	310.0	 2
0.266317771072	9.0	158.0	143.0	310.0	 2
0.267006488953	9.0	157.0	144.0	310.0	 2
0.271964935042	9.0	156.0	145.0	310.0	 2
0.277481510776	9.0	155.0	146.0	310.0	 2
0.280717979929	9.0	154.0	147.0	310.0	 2
0.28256412306	8.0	155.0	147.0	310.0	 1
0.296616308979	8.0	154.0	148.0	310.0	 2
0.307143649066	8.0	153.0	149.0	310.0	 2
0.312706336325	7.0	154.0	149.0	310.0	 1
0.322680940699	7.0	153.0	150.0	310.0	 2
0.323648825586	7.0	152.0	151.0	310.0	 2
0.329183170849	7.0	151.0	152.0	310.0	 2
0.333400874829	7.0	150.0	153.0	310.0	 2
0.342036029825	7.0	149.0	154.0	310.0	 2
0.34283630947	6.0	150.0	154.0	310.0	 1
0.34912476261	6.0	149.0	155.0	310.0	 2
0.349706347279	5.0	150.0	155.0	310.0	 1
0.352174161849	5.0	149.0	156.0	310.0	 2
0.352389770325	5.0	148.0	157.0	310.0	 2
0.362989207896	5.0	147.0	158.0	310.0	 2
0.36521076312	5.0	146.0	159.0	310.0	 2
0.365884799403	4.0	147.0	159.0	310.0	 1
0.376750086234	4.0	146.0	160.0	310.0	 2
0.381991848538	4.0	145.0	161.0	310.0	 2
0.387231551835	4.0	144.0	162.0	310.0	 2
0.397622079437	4.0	143.0	163.0	310.0	 2
0.398833969722	4.0	142.0	164.0	310.0	 2
0.415384832825	4.0	141.0	165.0	310.0	 2
0.416474644796	4.0	140.0	166.0	310.0	 2
0.4227287268	4.0	139.0	167.0	310.0	 2
0.427415037988	4.0	138.0	168.0	310.0	 2
0.429391825865	4.0	137.0	169.0	310.0	 2
0.452653475266	4.0	136.0	170.0	310.0	 2
0.454545454545	4.0	136.0	170.0	310.0	 0
