# reactions: 2
Time	S	I	R	N	Fired Reaction
0.0	46.0	181.0	83.0	310.0	 0
0.00614064915871	46.0	180.0	84.0	310.0	 2
0.00811313392995	46.0	179.0	85.0	310.0	 2
0.00845666839282	46.0	178.0	86.0	310.0	 2
0.020653309554	46.0	177.0	87.0	310.0	 2
0.0219500718016	45.0	178.0	87.0	310.0	 1
0.0272825652401	45.0	177.0	88.0	310.0	 2
0.0302221939278	45.0	176.0	89.0	310.0	 2
0.0308971019277	45.0	175.0	90.0	310.0	 2
0.031182292221	45.0	174.0	91.0	310.0	 2
0.0330535676739	45.0	173.0	92.0	310.0	 2
0.0341803750282	44.0	174.0	92.0	310.0	 1
0.0349384024532	43.0	175.0	92.0	310.0	 1
0.037742094537	42.0	176.0	92.0	310.0	 1
0.0390051470868	42.0	175.0	93.0	310.0	 2
0.0407165986027	41.0	176.0	93.0	310.0	 1
0.0466476137717	40.0	177.0	93.0	310.0	 1
0.0563015140068	39.0	178.0	93.0	310.0	 1
0.0564472810382	39.0	177.0	94.0	310.0	 2
0.0591824356277	38.0	178.0	94.0	310.0	 1
0.0597288229214	37.0	179.0	94.0	310.0	 1
0.0607638699332	37.0	178.0	95.0	310.0	 2
0.0710020562257	36.0	179.0	95.0	310.0	 1
0.0737548619494	36.0	178.0	96.0	310.0	 2
0.0737599309079	36.0	177.0	97.0	310.0	 2
0.0785508479666	36.0	176.0	98.0	310.0	 2
0.0848860434982	35.0	177.0	98.0	310.0	 1
0.0853244446641	34.0	178.0	98.0	310.0	 1
0.086025975395	33.0	179.0	98.0	310.0	 1
0.0903117095482	32.0	180.0	98.0	310.0	 1
0.0936827973925	32.0	179.0	99.0	310.0	 2
0.100174979837	31.0	180.0	99.0	310.0	 1
0.104084487306	30.0	181.0	99.0	310.0	 1
0.104582579655	29.0	182.0	99.0	310.0	 1
0.105849685991	29.0	181.0	100.0	310.0	 2
0.106335627729	28.0	182.0	100.0	310.0	 1
0.107170539695	27.0	183.0	100.0	310.0	 1
0.108190203805	27.0	182.0	101.0	310.0	 2
0.108972158819	27.0	181.0	102.0	310.0	 2
0.10905294714	27.0	180.0	103.0	310.0	 2
0.112582979872	27.0	179.0	104.0	310.0	 2
0.113593502993	27.0	178.0	105.0	310.0	 2
0.118495559911	27.0	177.0	106.0	310.0	 2
0.120460896274	26.0	178.0	106.0	310.0	 1
0.12548467292	25.0	179.0	106.0	310.0	 1
0.137576716222	25.0	178.0	107.0	310.0	 2
0.138151692702	25.0	177.0	108.0	310.0	 2
0.142804103631	25.0	176.0	109.0	310.0	 2
0.14370458918	25.0	175.0	110.0	310.0	 2
0.143726274414	25.0	174.0	111.0	310.0	 2
0.144353382283	24.0	175.0	111.0	310.0	 1
0.150210644057	23.0	176.0	111.0	310.0	 1
0.152435835203	22.0	177.0	111.0	310.0	 1
0.156493913174	21.0	178.0	111.0	310.0	 1
0.160374483218	20.0	179.0	111.0	310.0	 1
0.160846760438	20.0	178.0	112.0	310.0	 2
0.16177685922	19.0	179.0	112.0	310.0	 1
0.163730472082	19.0	178.0	113.0	310.0	 2
0.168456574938	18.0	179.0	113.0	310.0	 1
0.170563546595	18.0	178.0	114.0	310.0	 2
0.170652550611	18.0	177.0	115.0	310.0	 2
0.172882273536	17.0	178.0	115.0	310.0	 1
0.175617151771	17.0	177.0	116.0	310.0	 2
0.18467234881	17.0	176.0	117.0	310.0	 2
0.18658784841	17.0	175.0	118.0	310.0	 2
0.189713762093	17.0	174.0	119.0	310.0	 2
0.193360619147	16.0	175.0	119.0	310.0	 1
0.200335003423	15.0	176.0	119.0	310.0	 1
0.200589209899	14.0	177.0	119.0	310.0	 1
0.203434122631	14.0	176.0	120.0	310.0	 2
0.204973822575	14.0	175.0	121.0	310.0	 2
0.20880825993	14.0	174.0	122.0	310.0	 2
0.208918121716	14.0	173.0	123.0	310.0	 2
0.21175469458	13.0	174.0	123.0	310.0	 1
0.21319530118	13.0	173.0	124.0	310.0	 2
0.216409821579	13.0	172.0	125.0	310.0	 2
0.216892956346	12.0	173.0	125.0	310.0	 1
0.218305256359	12.0	172.0	126.0	310.0	 2
0.224020948589	12.0	171.0	127.0	310.0	 2
0.226372202305	12.0	170.0	128.0	310.0	 2
0.228575163512	12.0	169.0	129.0	310.0	 2
0.233954851735	12.0	168.0	130.0	310.0	 2
0.237167834045	12.0	167.0	131.0	310.0	 2
0.237580108131	12.0	166.0	132.0	310.0	 2
0.240693797984	12.0	165.0	133.0	310.0	 2
0.249055049362	11.0	166.0	133.0	310.0	 1
0.253207546611	11.0	165.0	134.0	310.0	 2
0.261666459378	11.0	164.0	135.0	310.0	 2
0.266499082184	11.0	163.0	136.0	310.0	 2
0.2666345184	11.0	162.0	137.0	310.0	 2
0.275294590044	11.0	161.0	138.0	310.0	 2
0.278522924989	11.0	160.0	139.0	310.0	 2
0.280044120613	10.0	161.0	139.0	310.0	 1
0.284011312102	10.0	160.0	140.0	310.0	 2
0.287000965136	10.0	159.0	141.0	310.0	 2
0.28878163823	10.0	158.0	142.0	310.0	 2
0.291371814953	10.0	157.0	143.0	310.0	 2
0.295010166935	10.0	156.0	144.0	310.0	 2
0.29560656293	10.0	155.0	145.0	310.0	 2
0.302625939271	10.0	154.0	146.0	310.0	 2
0.323326985771	10.0	153.0	147.0	310.0	 2
0.335382923778	10.0	152.0	148.0	310.0	 2
0.363889209698	10.0	151.0	149.0	310.0	 2
0.366734955105	10.0	150.0	150.0	310.0	 2
0.368395545566	10.0	149.0	151.0	310.0	 2
0.371856649601	10.0	148.0	152.0	310.0	 2
0.372555852148	10.0	147.0	153.0	310.0	 2
0.376103781303	10.0	146.0	154.0	310.0	 2
0.380291728266	10.0	145.0	155.0	310.0	 2
0.3849453114	10.0	144.0	156.0	310.0	 2
0.392565862467	10.0	143.0	157.0	310.0	 2
0.407653046483	10.0	142.0	158.0	310.0	 2
0.407903233829	10.0	141.0	159.0	310.0	 2
0.410593772455	9.0	142.0	159.0	310.0	 1
0.412309132133	9.0	141.0	160.0	310.0	 2
0.414455603703	8.0	142.0	160.0	310.0	 1
0.449537851786	8.0	141.0	161.0	310.0	 2
0.454545454545	8.0	141.0	161.0	310.0	 0
