# reactions: 2
Time	S	I	R	N	Fired Reaction
0.0	46.0	181.0	83.0	310.0	 0
0.00130563492983	45.0	182.0	83.0	310.0	 1
0.00170751252337	44.0	183.0	83.0	310.0	 1
0.00335699865405	44.0	182.0	84.0	310.0	 2
0.00393740426176	43.0	183.0	84.0	310.0	 1
0.00520817397026	43.0	182.0	85.0	310.0	 2
0.00580467633256	42.0	183.0	85.0	310.0	 1
0.00672037725009	42.0	182.0	86.0	310.0	 2
0.00840820597121	41.0	183.0	86.0	310.0	 1
0.00941395340891	41.0	182.0	87.0	310.0	 2
0.0137284353776	41.0	181.0	88.0	310.0	 2
0.0204929887722	41.0	180.0	89.0	310.0	 2
0.0206224917994	41.0	179.0	90.0	310.0	 2
0.0281486714278	40.0	180.0	90.0	310.0	 1
0.0299404539095	40.0	179.0	91.0	310.0	 2
0.0302720895144	39.0	180.0	91.0	310.0	 1
0.0326810722799	39.0	179.0	92.0	310.0	 2
0.0339509097702	39.0	178.0	93.0	310.0	 2
0.0399900958689	38.0	179.0	93.0	310.0	 1
0.0402463835848	37.0	180.0	93.0	310.0	 1
0.0478879533713	36.0	181.0	93.0	310.0	 1
0.0503005005247	35.0	182.0	93.0	310.0	 1
0.054815041591	35.0	181.0	94.0	310.0	 2
0.055764715815	35.0	180.0	95.0	310.0	 2
0.0565766654984	35.0	179.0	96.0	310.0	 2
0.0598489621506	34.0	180.0	96.0	310.0	 1
0.0610282708952	33.0	181.0	96.0	310.0	 1
0.0616206584861	32.0	182.0	96.0	310.0	 1
0.0619243898409	31.0	183.0	96.0	310.0	 1
0.0634463254601	30.0	184.0	96.0	310.0	 1
0.0645901039139	29.0	185.0	96.0	310.0	 1
0.0653050293677	28.0	186.0	96.0	310.0	 1
0.0660769351048	28.0	185.0	97.0	310.0	 2
0.0689383134736	28.0	184.0	98.0	310.0	 2
0.0724482897072	28.0	183.0	99.0	310.0	 2
0.0740438511661	27.0	184.0	99.0	310.0	 1
0.0767180503704	26.0	185.0	99.0	310.0	 1
0.0772162871727	26.0	184.0	100.0	310.0	 2
0.0810564312497	26.0	183.0	101.0	310.0	 2
0.0863109264698	25.0	184.0	101.0	310.0	 1
0.0876239164209	25.0	183.0	102.0	310.0	 2
0.0905068823196	24.0	184.0	102.0	310.0	 1
0.0940172088028	24.0	183.0	103.0	310.0	 2
0.0993440372976	24.0	182.0	104.0	310.0	 2
0.100593076521	23.0	183.0	104.0	310.0	 1
0.105487874429	23.0	182.0	105.0	310.0	 2
0.110683979994	23.0	181.0	106.0	310.0	 2
0.111533560648	23.0	180.0	107.0	310.0	 2
0.120217106341	22.0	181.0	107.0	310.0	 1
0.122317895846	22.0	180.0	108.0	310.0	 2
0.129303078217	22.0	179.0	109.0	310.0	 2
0.132095879282	22.0	178.0	110.0	310.0	 2
0.13882855928	22.0	177.0	111.0	310.0	 2
0.140687199834	22.0	176.0	112.0	310.0	 2
0.145861673999	22.0	175.0	113.0	310.0	 2
0.151105880421	22.0	174.0	114.0	310.0	 2
0.155496929226	21.0	175.0	114.0	310.0	 1
0.161278853597	21.0	174.0	115.0	310.0	 2
0.167229269343	21.0	173.0	116.0	310.0	 2
0.171765842667	20.0	174.0	116.0	310.0	 1
0.172251771717	20.0	173.0	117.0	310.0	 2
0.176111723611	20.0	172.0	118.0	310.0	 2
0.178247395628	19.0	173.0	118.0	310.0	 1
0.178272138776	19.0	172.0	119.0	310.0	 2
0.183711711957	18.0	173.0	119.0	310.0	 1
0.185194393738	18.0	172.0	120.0	310.0	 2
0.189358892733	18.0	171.0	121.0	310.0	 2
0.193118597594	18.0	170.0	122.0	310.0	 2
0.195183172618	17.0	171.0	122.0	310.0	 1
0.196587099598	17.0	170.0	123.0	310.0	 2
0.199392780997	16.0	171.0	123.0	310.0	 1
0.200691783401	16.0	170.0	124.0	310.0	 2
0.21417481058	16.0	169.0	125.0	310.0	 2
0.224277625027	16.0	168.0	126.0	310.0	 2
0.230271899349	15.0	169.0	126.0	310.0	 1
0.231782233197	15.0	168.0	127.0	310.0	 2
0.232959705259	15.0	167.0	128.0	310.0	 2
0.233615088383	15.0	166.0	129.0	310.0	 2
0.240412853988	15.0	165.0	130.0	310.0	 2
0.247280261611	15.0	164.0	131.0	310.0	 2
0.254839846366	14.0	165.0	131.0	310.0	 1
0.257406657096	14.0	164.0	132.0	310.0	 2
0.270504068505	14.0	163.0	133.0	310.0	 2
0.276780172888	14.0	162.0	134.0	310.0	 2
0.289164698937	14.0	161.0	135.0	310.0	 2
0.294750814122	14.0	160.0	136.0	310.0	 2
0.296805058984	14.0	159.0	137.0	310.0	 2
0.300238834518	14.0	158.0	138.0	310.0	 2
0.303337709915	14.0	157.0	139.0	310.0	 2
0.306160660967	13.0	158.0	139.0	310.0	 1
0.3122267902	12.0	159.0	139.0	310.0	 1
0.317880163736	12.0	158.0	140.0	310.0	 2
0.319515175184	12.0	157.0	141.0	310.0	 2
0.324980625236	12.0	156.0	142.0	310.0	 2
0.326231484874	12.0	155.0	143.0	310.0	 2
0.333318799643	12.0	154.0	144.0	310.0	 2
0.337246413538	12.0	153.0	145.0	310.0	 2
0.342729546523	12.0	152.0	146.0	310.0	 2
0.344863578903	12.0	151.0	147.0	310.0	 2
0.353069544189	12.0	150.0	148.0	310.0	 2
0.353176120133	12.0	149.0	149.0	310.0	 2
0.359244080794	12.0	148.0	150.0	310.0	 2
0.362879853597	11.0	149.0	150.0	310.0	 1
0.37355541877	10.0	150.0	150.0	310.0	 1
0.3792310625	10.0	149.0	151.0	310.0	 2
0.383938787335	10.0	148.0	152.0	310.0	 2
0.390662385685	10.0	147.0	153.0	310.0	 2
0.403578959435	9.0	148.0	153.0	310.0	 1
0.407407904074	8.0	149.0	153.0	310.0	 1
0.416379631316	8.0	148.0	154.0	310.0	 2
0.419656544309	7.0	149.0	154.0	310.0	 1
0.42521310253	7.0	148.0	155.0	310.0	 2
0.428805956392	7.0	147.0	156.0	310.0	 2
0.436907588112	7.0	146.0	157.0	310.0	 2
0.454545454545	7.0	146.0	157.0	310.0	 0
