# reactions: 2
Time	S	I	R	N	Fired Reaction
0.0	46.0	181.0	83.0	310.0	 0
0.00267752911089	46.0	180.0	84.0	310.0	 2
0.00282983236808	45.0	181.0	84.0	310.0	 1
0.00417970162944	45.0	180.0	85.0	310.0	 2
0.00503047635946	44.0	181.0	85.0	310.0	 1
0.00659988954381	44.0	180.0	86.0	310.0	 2
0.00878494904438	43.0	181.0	86.0	310.0	 1
0.0102483238268	42.0	182.0	86.0	310.0	 1
0.0112033317233	41.0	183.0	86.0	310.0	 1
0.0135584142863	41.0	182.0	87.0	310.0	 2
0.0149431889236	41.0	181.0	88.0	310.0	 2
0.0177462297889	40.0	182.0	88.0	310.0	 1
0.0187831752134	40.0	181.0	89.0	310.0	 2
0.022655385848	40.0	180.0	90.0	310.0	 2
0.0302367575264	40.0	179.0	91.0	310.0	 2
0.0323566106632	40.0	178.0	92.0	310.0	 2
0.0324875514145	39.0	179.0	92.0	310.0	 1
0.0330756240288	39.0	178.0	93.0	310.0	 2
0.0336472402801	38.0	179.0	93.0	310.0	 1
0.0407909234761	37.0	180.0	93.0	310.0	 1
0.0420458016022	36.0	181.0	93.0	310.0	 1
0.0430946053163	36.0	180.0	94.0	310.0	 2
0.0440844665028	35.0	181.0	94.0	310.0	 1
0.0505081339665	35.0	180.0	95.0	310.0	 2
0.0533392461668	35.0	179.0	96.0	310.0	 2
0.0571481476316	35.0	178.0	97.0	310.0	 2
0.0587640255361	34.0	179.0	97.0	310.0	 1
0.0600865737934	34.0	178.0	98.0	310.0	 2
0.0675667330032	33.0	179.0	98.0	310.0	 1
0.0679756301501	32.0	180.0	98.0	310.0	 1
0.068854059451	31.0	181.0	98.0	310.0	 1
0.0833917810774	31.0	180.0	99.0	310.0	 2
0.0843817810735	31.0	179.0	100.0	310.0	 2
0.0851225549449	31.0	178.0	101.0	310.0	 2
0.0857864097575	31.0	177.0	102.0	310.0	 2
0.0942749885824	31.0	176.0	103.0	310.0	 2
0.0944361426324	30.0	177.0	103.0	310.0	 1
0.0957312691723	30.0	176.0	104.0	310.0	 2
0.0973969030978	30.0	175.0	105.0	310.0	 2
0.0978608647827	30.0	174.0	106.0	310.0	 2
0.10675966149	30.0	173.0	107.0	310.0	 2
0.113571026364	29.0	174.0	107.0	310.0	 1
0.117990518983	29.0	173.0	108.0	310.0	 2
0.118888744479	29.0	172.0	109.0	310.0	 2
0.120861235679	28.0	173.0	109.0	310.0	 1
0.138746644421	27.0	174.0	109.0	310.0	 1
0.138832380318	26.0	175.0	109.0	310.0	 1
0.14527921732	26.0	174.0	110.0	310.0	 2
0.151936939579	26.0	173.0	111.0	310.0	 2
0.15515829354	25.0	174.0	111.0	310.0	 1
0.156899241649	24.0	175.0	111.0	310.0	 1
0.157894987879	24.0	174.0	112.0	310.0	 2
0.159135199224	23.0	175.0	112.0	310.0	 1
0.160328437135	23.0	174.0	113.0	310.0	 2
0.16307000987	23.0	173.0	114.0	310.0	 2
0.165217429606	23.0	172.0	115.0	310.0	 2
0.165936652157	22.0	173.0	115.0	310.0	 1
0.167553612289	22.0	172.0	116.0	310.0	 2
0.168623010297	22.0	171.0	117.0	310.0	 2
0.173353152303	22.0	170.0	118.0	310.0	 2
0.178705446306	21.0	171.0	118.0	310.0	 1
0.180358168503	20.0	172.0	118.0	310.0	 1
0.19266687126	20.0	171.0	119.0	310.0	 2
0.193945433046	19.0	172.0	119.0	310.0	 1
0.201386353654	19.0	171.0	120.0	310.0	 2
0.20328779591	19.0	170.0	121.0	310.0	 2
0.208257271989	19.0	169.0	122.0	310.0	 2
0.212869564507	19.0	168.0	123.0	310.0	 2
0.213261699224	19.0	167.0	124.0	310.0	 2
0.223107831901	19.0	166.0	125.0	310.0	 2
0.227334980495	18.0	167.0	125.0	310.0	 1
0.231352700229	17.0	168.0	125.0	310.0	 1
0.232215427362	17.0	167.0	126.0	310.0	 2
0.233944885245	17.0	166.0	127.0	310.0	 2
0.243526073455	17.0	165.0	128.0	310.0	 2
0.246330350367	16.0	166.0	128.0	310.0	 1
0.251508891652	16.0	165.0	129.0	310.0	 2
0.254822089137	16.0	164.0	130.0	310.0	 2
0.256925092993	16.0	163.0	131.0	310.0	 2
0.258918427805	16.0	162.0	132.0	310.0	 2
0.25966717746	16.0	161.0	133.0	310.0	 2
0.268634904274	16.0	160.0	134.0	310.0	 2
0.269201643373	15.0	161.0	134.0	310.0	 1
0.270695570672	15.0	160.0	135.0	310.0	 2
0.273777916588	15.0	159.0	136.0	310.0	 2
0.274898704865	15.0	158.0	137.0	310.0	 2
0.285766190331	15.0	157.0	138.0	310.0	 2
0.28784066145	15.0	156.0	139.0	310.0	 2
0.289067146211	15.0	155.0	140.0	310.0	 2
0.290097882427	14.0	156.0	140.0	310.0	 1
0.292492168133	14.0	155.0	141.0	310.0	 2
0.292680499565	14.0	154.0	142.0	310.0	 2
0.299986861194	14.0	153.0	143.0	310.0	 2
0.311401760655	14.0	152.0	144.0	310.0	 2
0.311913898227	14.0	151.0	145.0	310.0	 2
0.315392644721	14.0	150.0	146.0	310.0	 2
0.31645890157	14.0	149.0	147.0	310.0	 2
0.325038687754	14.0	148.0	148.0	310.0	 2
0.334622250635	14.0	147.0	149.0	310.0	 2
0.33805300327	13.0	148.0	149.0	310.0	 1
0.341883064322	12.0	149.0	149.0	310.0	 1
0.342529584226	11.0	150.0	149.0	310.0	 1
0.347624663059	10.0	151.0	149.0	310.0	 1
0.355348454475	10.0	150.0	150.0	310.0	 2
0.35794535658	9.0	151.0	150.0	310.0	 1
0.365980529797	9.0	150.0	151.0	310.0	 2
0.36669298611	9.0	149.0	152.0	310.0	 2
0.372899293493	9.0	148.0	153.0	310.0	 2
0.380350629917	9.0	147.0	154.0	310.0	 2
0.380444404932	9.0	146.0	155.0	310.0	 2
0.392393590627	9.0	145.0	156.0	310.0	 2
0.394038606184	8.0	146.0	156.0	310.0	 1
0.407592355068	8.0	145.0	157.0	310.0	 2
0.410820934462	8.0	144.0	158.0	310.0	 2
0.417663567776	8.0	143.0	159.0	310.0	 2
0.417847155801	8.0	142.0	160.0	310.0	 2
0.430751772342	7.0	143.0	160.0	310.0	 1
0.442365762058	7.0	142.0	161.0	310.0	 2
0.454545454545	7.0	142.0	161.0	310.0	 0
