# reactions: 2
Time	S	I	R	N	Fired Reaction
0.0	46.0	181.0	83.0	310.0	 0
0.0120999093044	45.0	182.0	83.0	310.0	 1
0.0127214774815	44.0	183.0	83.0	310.0	 1
0.0136010567635	44.0	182.0	84.0	310.0	 2
0.0158428895762	43.0	183.0	84.0	310.0	 1
0.0181042132793	42.0	184.0	84.0	310.0	 1
0.0196387457691	41.0	185.0	84.0	310.0	 1
0.0212987508062	40.0	186.0	84.0	310.0	 1
0.0230918309582	39.0	187.0	84.0	310.0	 1
0.0247456997395	39.0	186.0	85.0	310.0	 2
0.0250586860605	39.0	185.0	86.0	310.0	 2
0.0254183985879	39.0	184.0	87.0	310.0	 2
0.0255362785603	38.0	185.0	87.0	310.0	 1
0.0292080573909	38.0	184.0	88.0	310.0	 2
0.0340741728527	37.0	185.0	88.0	310.0	 1
0.034975277291	37.0	184.0	89.0	310.0	 2
0.0402765845158	37.0	183.0	90.0	310.0	 2
0.0456724593079	36.0	184.0	90.0	310.0	 1
0.0466290582027	35.0	185.0	90.0	310.0	 1
0.0482231704884	34.0	186.0	90.0	310.0	 1
0.0486252646578	34.0	185.0	91.0	310.0	 2
0.0498315000765	33.0	186.0	91.0	310.0	 1
0.0503589071977	32.0	187.0	91.0	310.0	 1
0.0517469401993	32.0	186.0	92.0	310.0	 2
0.0528719764789	31.0	187.0	92.0	310.0	 1
0.0555342361653	30.0	188.0	92.0	310.0	 1
0.0623297317016	30.0	187.0	93.0	310.0	 2
0.0664554944047	30.0	186.0	94.0	310.0	 2
0.0811374088326	29.0	187.0	94.0	310.0	 1
0.0845547945855	28.0	188.0	94.0	310.0	 1
0.0891451451588	27.0	189.0	94.0	310.0	 1
0.0896219128831	27.0	188.0	95.0	310.0	 2
0.0917938045446	27.0	187.0	96.0	310.0	 2
0.106287990646	26.0	188.0	96.0	310.0	 1
0.108911942944	26.0	187.0	97.0	310.0	 2
0.108949266254	26.0	186.0	98.0	310.0	 2
0.109676916621	26.0	185.0	99.0	310.0	 2
0.109855909475	26.0	184.0	100.0	310.0	 2
0.114610400713	26.0	183.0	101.0	310.0	 2
0.115457902239	25.0	184.0	101.0	310.0	 1
0.115751474958	24.0	185.0	101.0	310.0	 1
0.117574371402	23.0	186.0	101.0	310.0	 1
0.119928148324	23.0	185.0	102.0	310.0	 2
0.125270012804	23.0	184.0	103.0	310.0	 2
0.127325407188	23.0	183.0	104.0	310.0	 2
0.128271072004	22.0	184.0	104.0	310.0	 1
0.139747053405	22.0	183.0	105.0	310.0	 2
0.140148929599	22.0	182.0	106.0	310.0	 2
0.143167783823	22.0	181.0	107.0	310.0	 2
0.143341263763	22.0	180.0	108.0	310.0	 2
0.149139951824	22.0	179.0	109.0	310.0	 2
0.15227631492	22.0	178.0	110.0	310.0	 2
0.154965264679	22.0	177.0	111.0	310.0	 2
0.16608824983	21.0	178.0	111.0	310.0	 1
0.168393589435	21.0	177.0	112.0	310.0	 2
0.170013151452	21.0	176.0	113.0	310.0	 2
0.171929715962	21.0	175.0	114.0	310.0	 2
0.179211751258	20.0	176.0	114.0	310.0	 1
0.179743349098	20.0	175.0	115.0	310.0	 2
0.184940625965	20.0	174.0	116.0	310.0	 2
0.188183553462	20.0	173.0	117.0	310.0	 2
0.197200110324	20.0	172.0	118.0	310.0	 2
0.199617746528	20.0	171.0	119.0	310.0	 2
0.203930302318	20.0	170.0	120.0	310.0	 2
0.20512588933	20.0	169.0	121.0	310.0	 2
0.216330310152	19.0	170.0	121.0	310.0	 1
0.217046234453	19.0	169.0	122.0	310.0	 2
0.239742833369	19.0	168.0	123.0	310.0	 2
0.241963833557	19.0	167.0	124.0	310.0	 2
0.2435799759	19.0	166.0	125.0	310.0	 2
0.246516245549	19.0	165.0	126.0	310.0	 2
0.248441915673	19.0	164.0	127.0	310.0	 2
0.263545572476	19.0	163.0	128.0	310.0	 2
0.267463878031	18.0	164.0	128.0	310.0	 1
0.2779045408	17.0	165.0	128.0	310.0	 1
0.281486694579	16.0	166.0	128.0	310.0	 1
0.289460169838	16.0	165.0	129.0	310.0	 2
0.293468286616	16.0	164.0	130.0	310.0	 2
0.296108107543	16.0	163.0	131.0	310.0	 2
0.297334811634	15.0	164.0	131.0	310.0	 1
0.298292131609	15.0	163.0	132.0	310.0	 2
0.299689199854	15.0	162.0	133.0	310.0	 2
0.299805541437	15.0	161.0	134.0	310.0	 2
0.304987844029	15.0	160.0	135.0	310.0	 2
0.317958096566	15.0	159.0	136.0	310.0	 2
0.318049288054	15.0	158.0	137.0	310.0	 2
0.318946644435	15.0	157.0	138.0	310.0	 2
0.319766961441	15.0	156.0	139.0	310.0	 2
0.320625032642	15.0	155.0	140.0	310.0	 2
0.335856171285	15.0	154.0	141.0	310.0	 2
0.33921604277	14.0	155.0	141.0	310.0	 1
0.346720762668	14.0	154.0	142.0	310.0	 2
0.359457685088	14.0	153.0	143.0	310.0	 2
0.365041536203	13.0	154.0	143.0	310.0	 1
0.367623637064	13.0	153.0	144.0	310.0	 2
0.371380883875	13.0	152.0	145.0	310.0	 2
0.373298315022	13.0	151.0	146.0	310.0	 2
0.375266331585	13.0	150.0	147.0	310.0	 2
0.382936819845	13.0	149.0	148.0	310.0	 2
0.395865456184	13.0	148.0	149.0	310.0	 2
0.395885357797	13.0	147.0	150.0	310.0	 2
0.397615822603	13.0	146.0	151.0	310.0	 2
0.399219377661	12.0	147.0	151.0	310.0	 1
0.401579394328	12.0	146.0	152.0	310.0	 2
0.402097455633	11.0	147.0	152.0	310.0	 1
0.402748906048	10.0	148.0	152.0	310.0	 1
0.402977282506	9.0	149.0	152.0	310.0	 1
0.404064690921	8.0	150.0	152.0	310.0	 1
0.416816440886	8.0	149.0	153.0	310.0	 2
0.417263733435	7.0	150.0	153.0	310.0	 1
0.420123865673	7.0	149.0	154.0	310.0	 2
0.420422652983	7.0	148.0	155.0	310.0	 2
0.421077157528	7.0	147.0	156.0	310.0	 2
0.42324953676	7.0	146.0	157.0	310.0	 2
0.431528153615	7.0	145.0	158.0	310.0	 2
0.436165446629	7.0	144.0	159.0	310.0	 2
0.441125905718	7.0	143.0	160.0	310.0	 2
0.448142290053	6.0	144.0	160.0	310.0	 1
0.448807062093	6.0	143.0	161.0	310.0	 2
0.449308192402	6.0	142.0	162.0	310.0	 2
0.449690748791	6.0	141.0	163.0	310.0	 2
0.454545454545	6.0	141.0	163.0	310.0	 0
