# reactions: 2
Time	S	I	R	N	Fired Reaction
0.0	46.0	181.0	83.0	310.0	 0
5.64030747641e-05	46.0	180.0	84.0	310.0	 2
0.0029299204544	46.0	179.0	85.0	310.0	 2
0.0033194361352	46.0	178.0	86.0	310.0	 2
0.00791124733102	46.0	177.0	87.0	310.0	 2
0.01103129853	46.0	176.0	88.0	310.0	 2
0.0126531550418	45.0	177.0	88.0	310.0	 1
0.0146248951399	45.0	176.0	89.0	310.0	 2
0.0147991601432	44.0	177.0	89.0	310.0	 1
0.0156177926022	43.0	178.0	89.0	310.0	 1
0.0158099679006	43.0	177.0	90.0	310.0	 2
0.0163564159374	42.0	178.0	90.0	310.0	 1
0.0183523625209	42.0	177.0	91.0	310.0	 2
0.0222904389731	42.0	176.0	92.0	310.0	 2
0.0234440934869	41.0	177.0	92.0	310.0	 1
0.0243789891588	40.0	178.0	92.0	310.0	 1
0.0252134604919	40.0	177.0	93.0	310.0	 2
0.0326041291435	39.0	178.0	93.0	310.0	 1
0.0326093419508	39.0	177.0	94.0	310.0	 2
0.0367062421188	38.0	178.0	94.0	310.0	 1
0.0371166602621	37.0	179.0	94.0	310.0	 1
0.0387090469595	37.0	178.0	95.0	310.0	 2
0.0422838840826	36.0	179.0	95.0	310.0	 1
0.0423292395598	35.0	180.0	95.0	310.0	 1
0.0487510528205	34.0	181.0	95.0	310.0	 1
0.0496264636923	33.0	182.0	95.0	310.0	 1
0.0512951874491	33.0	181.0	96.0	310.0	 2
0.0599868868045	32.0	182.0	96.0	310.0	 1
0.0616386523068	32.0	181.0	97.0	310.0	 2
0.0668511904172	31.0	182.0	97.0	310.0	 1
0.0687355901108	30.0	183.0	97.0	310.0	 1
0.0701861475733	29.0	184.0	97.0	310.0	 1
0.0715091763406	29.0	183.0	98.0	310.0	 2
0.0740657298422	29.0	182.0	99.0	310.0	 2
0.077372324797	28.0	183.0	99.0	310.0	 1
0.078789457463	27.0	184.0	99.0	310.0	 1
0.0840163799909	26.0	185.0	99.0	310.0	 1
0.0856726327829	25.0	186.0	99.0	310.0	 1
0.0876408614345	25.0	185.0	100.0	310.0	 2
0.0888078717377	25.0	184.0	101.0	310.0	 2
0.0928212530421	25.0	183.0	102.0	310.0	 2
0.093357358991	25.0	182.0	103.0	310.0	 2
0.0946802095776	25.0	181.0	104.0	310.0	 2
0.100658615148	25.0	180.0	105.0	310.0	 2
0.111080119596	25.0	179.0	106.0	310.0	 2
0.112162973412	25.0	178.0	107.0	310.0	 2
0.126922718702	25.0	177.0	108.0	310.0	 2
0.127619685234	24.0	178.0	108.0	310.0	 1
0.134648160305	23.0	179.0	108.0	310.0	 1
0.138867323244	23.0	178.0	109.0	310.0	 2
0.141966876643	23.0	177.0	110.0	310.0	 2
0.143158697135	22.0	178.0	110.0	310.0	 1
0.143795160635	21.0	179.0	110.0	310.0	 1
0.146907979024	20.0	180.0	110.0	310.0	 1
0.149291957303	19.0	181.0	110.0	310.0	 1
0.151619898077	19.0	180.0	111.0	310.0	 2
0.15322985351	19.0	179.0	112.0	310.0	 2
0.165712794844	19.0	178.0	113.0	310.0	 2
0.167758846176	19.0	177.0	114.0	310.0	 2
0.170584547486	19.0	176.0	115.0	310.0	 2
0.189254338734	19.0	175.0	116.0	310.0	 2
0.196462486492	19.0	174.0	117.0	310.0	 2
0.201693119447	18.0	175.0	117.0	310.0	 1
0.21305601902	18.0	174.0	118.0	310.0	 2
0.215712697994	17.0	175.0	118.0	310.0	 1
0.218564929639	16.0	176.0	118.0	310.0	 1
0.226179369581	16.0	175.0	119.0	310.0	 2
0.229652434029	16.0	174.0	120.0	310.0	 2
0.233394085989	15.0	175.0	120.0	310.0	 1
0.242233033713	15.0	174.0	121.0	310.0	 2
0.242350253305	15.0	173.0	122.0	310.0	 2
0.243317786316	15.0	172.0	123.0	310.0	 2
0.253764061466	15.0	171.0	124.0	310.0	 2
0.257325198336	15.0	170.0	125.0	310.0	 2
0.259152590611	15.0	169.0	126.0	310.0	 2
0.261956608411	15.0	168.0	127.0	310.0	 2
0.263288123594	15.0	167.0	128.0	310.0	 2
0.265858121107	14.0	168.0	128.0	310.0	 1
0.266094400864	14.0	167.0	129.0	310.0	 2
0.266161317379	14.0	166.0	130.0	310.0	 2
0.268820284854	14.0	165.0	131.0	310.0	 2
0.268838834494	14.0	164.0	132.0	310.0	 2
0.272286242059	14.0	163.0	133.0	310.0	 2
0.272811676675	14.0	162.0	134.0	310.0	 2
0.276001860775	14.0	161.0	135.0	310.0	 2
0.282008547487	14.0	160.0	136.0	310.0	 2
0.294495623429	14.0	159.0	137.0	310.0	 2
0.295686349261	14.0	158.0	138.0	310.0	 2
0.296881982565	14.0	157.0	139.0	310.0	 2
0.298462775505	14.0	156.0	140.0	310.0	 2
0.298640094691	14.0	155.0	141.0	310.0	 2
0.303382744075	14.0	154.0	142.0	310.0	 2
0.30487510576	14.0	153.0	143.0	310.0	 2
0.305153548872	13.0	154.0	143.0	310.0	 1
0.307796769129	13.0	153.0	144.0	310.0	 2
0.30904985694	13.0	152.0	145.0	310.0	 2
0.3106373268	13.0	151.0	146.0	310.0	 2
0.315101196124	13.0	150.0	147.0	310.0	 2
0.321335769015	13.0	149.0	148.0	310.0	 2
0.323352950475	13.0	148.0	149.0	310.0	 2
0.323678997144	13.0	147.0	150.0	310.0	 2
0.324399230774	13.0	146.0	151.0	310.0	 2
0.335178018604	13.0	145.0	152.0	310.0	 2
0.344646465881	13.0	144.0	153.0	310.0	 2
0.346990458621	13.0	143.0	154.0	310.0	 2
0.347884109858	13.0	142.0	155.0	310.0	 2
0.357606970718	13.0	141.0	156.0	310.0	 2
0.365152861982	12.0	142.0	156.0	310.0	 1
0.375701427373	11.0	143.0	156.0	310.0	 1
0.376585467334	11.0	142.0	157.0	310.0	 2
0.382412211128	11.0	141.0	158.0	310.0	 2
0.383826420739	11.0	140.0	159.0	310.0	 2
0.385254743352	11.0	139.0	160.0	310.0	 2
0.398422883802	11.0	138.0	161.0	310.0	 2
0.411738763615	10.0	139.0	161.0	310.0	 1
0.436653031723	10.0	138.0	162.0	310.0	 2
0.437692790542	10.0	137.0	163.0	310.0	 2
0.442566435618	9.0	138.0	163.0	310.0	 1
0.443910723239	9.0	137.0	164.0	310.0	 2
0.444004103374	8.0	138.0	164.0	310.0	 1
0.444845240025	8.0	137.0	165.0	310.0	 2
0.444869034713	8.0	136.0	166.0	310.0	 2
0.445504341044	8.0	135.0	167.0	310.0	 2
0.450344182026	8.0	134.0	168.0	310.0	 2
0.454545454545	8.0	134.0	168.0	310.0	 0
