# reactions: 2
Time	S	I	R	N	Fired Reaction
0.0	46.0	181.0	83.0	310.0	 0
0.000373009302393	46.0	180.0	84.0	310.0	 2
0.000755873154531	45.0	181.0	84.0	310.0	 1
0.00485804614128	44.0	182.0	84.0	310.0	 1
0.00511373495643	43.0	183.0	84.0	310.0	 1
0.00675731589649	42.0	184.0	84.0	310.0	 1
0.0085098137391	41.0	185.0	84.0	310.0	 1
0.0103218370233	40.0	186.0	84.0	310.0	 1
0.014076293489	39.0	187.0	84.0	310.0	 1
0.0188400316891	38.0	188.0	84.0	310.0	 1
0.0196442255761	38.0	187.0	85.0	310.0	 2
0.0217485922312	37.0	188.0	85.0	310.0	 1
0.0248684985304	36.0	189.0	85.0	310.0	 1
0.0274387417593	35.0	190.0	85.0	310.0	 1
0.0289678743231	35.0	189.0	86.0	310.0	 2
0.0304622001585	35.0	188.0	87.0	310.0	 2
0.0312443147229	34.0	189.0	87.0	310.0	 1
0.0348627484827	34.0	188.0	88.0	310.0	 2
0.0360286041565	33.0	189.0	88.0	310.0	 1
0.0370492709481	32.0	190.0	88.0	310.0	 1
0.0409599280208	32.0	189.0	89.0	310.0	 2
0.0423409434366	31.0	190.0	89.0	310.0	 1
0.0434448826303	31.0	189.0	90.0	310.0	 2
0.0460246839542	31.0	188.0	91.0	310.0	 2
0.0487735218847	31.0	187.0	92.0	310.0	 2
0.0503633930389	30.0	188.0	92.0	310.0	 1
0.0520312042398	29.0	189.0	92.0	310.0	 1
0.0540880724652	28.0	190.0	92.0	310.0	 1
0.0544514504497	27.0	191.0	92.0	310.0	 1
0.056102392514	27.0	190.0	93.0	310.0	 2
0.0567684262384	27.0	189.0	94.0	310.0	 2
0.0567696638379	27.0	188.0	95.0	310.0	 2
0.0570698299275	27.0	187.0	96.0	310.0	 2
0.0577254412796	27.0	186.0	97.0	310.0	 2
0.0671161351048	27.0	185.0	98.0	310.0	 2
0.0685580850233	27.0	184.0	99.0	310.0	 2
0.0701512566709	26.0	185.0	99.0	310.0	 1
0.0717223068189	25.0	186.0	99.0	310.0	 1
0.0755602672504	25.0	185.0	100.0	310.0	 2
0.0815846924866	25.0	184.0	101.0	310.0	 2
0.0848788598907	24.0	185.0	101.0	310.0	 1
0.0853872190139	24.0	184.0	102.0	310.0	 2
0.0886780775039	23.0	185.0	102.0	310.0	 1
0.0932001190392	23.0	184.0	103.0	310.0	 2
0.0986383904486	23.0	183.0	104.0	310.0	 2
0.100571641014	23.0	182.0	105.0	310.0	 2
0.105539616442	23.0	181.0	106.0	310.0	 2
0.11059854389	22.0	182.0	106.0	310.0	 1
0.112227656368	21.0	183.0	106.0	310.0	 1
0.131339452113	21.0	182.0	107.0	310.0	 2
0.131980040004	21.0	181.0	108.0	310.0	 2
0.134807569869	21.0	180.0	109.0	310.0	 2
0.140779907258	20.0	181.0	109.0	310.0	 1
0.141187494508	19.0	182.0	109.0	310.0	 1
0.142905946989	19.0	181.0	110.0	310.0	 2
0.147098484447	19.0	180.0	111.0	310.0	 2
0.147637565325	19.0	179.0	112.0	310.0	 2
0.147845582624	19.0	178.0	113.0	310.0	 2
0.148767983294	18.0	179.0	113.0	310.0	 1
0.153042802588	18.0	178.0	114.0	310.0	 2
0.156666996952	18.0	177.0	115.0	310.0	 2
0.15719867109	17.0	178.0	115.0	310.0	 1
0.159860760015	17.0	177.0	116.0	310.0	 2
0.162691398648	16.0	178.0	116.0	310.0	 1
0.164997880825	16.0	177.0	117.0	310.0	 2
0.171144480654	16.0	176.0	118.0	310.0	 2
0.17176974019	16.0	175.0	119.0	310.0	 2
0.172089609908	16.0	174.0	120.0	310.0	 2
0.183659365977	15.0	175.0	120.0	310.0	 1
0.187905142839	14.0	176.0	120.0	310.0	 1
0.190807858203	14.0	175.0	121.0	310.0	 2
0.19151492886	14.0	174.0	122.0	310.0	 2
0.194768608121	14.0	173.0	123.0	310.0	 2
0.195113178342	13.0	174.0	123.0	310.0	 1
0.196421753249	13.0	173.0	124.0	310.0	 2
0.196677523715	13.0	172.0	125.0	310.0	 2
0.200361816878	13.0	171.0	126.0	310.0	 2
0.213591675211	12.0	172.0	126.0	310.0	 1
0.216202836514	12.0	171.0	127.0	310.0	 2
0.21718505861	12.0	170.0	128.0	310.0	 2
0.225524787212	12.0	169.0	129.0	310.0	 2
0.237099187612	11.0	170.0	129.0	310.0	 1
0.239709384839	11.0	169.0	130.0	310.0	 2
0.241040094014	11.0	168.0	131.0	310.0	 2
0.241668713786	10.0	169.0	131.0	310.0	 1
0.244139310886	10.0	168.0	132.0	310.0	 2
0.252940170637	10.0	167.0	133.0	310.0	 2
0.254986488606	10.0	166.0	134.0	310.0	 2
0.265083041347	10.0	165.0	135.0	310.0	 2
0.277352810342	10.0	164.0	136.0	310.0	 2
0.281302650635	10.0	163.0	137.0	310.0	 2
0.282974406416	10.0	162.0	138.0	310.0	 2
0.283529696427	10.0	161.0	139.0	310.0	 2
0.284076424285	9.0	162.0	139.0	310.0	 1
0.29068446911	9.0	161.0	140.0	310.0	 2
0.294748253179	9.0	160.0	141.0	310.0	 2
0.301090290215	9.0	159.0	142.0	310.0	 2
0.312722847466	9.0	158.0	143.0	310.0	 2
0.316338944248	8.0	159.0	143.0	310.0	 1
0.325392658001	8.0	158.0	144.0	310.0	 2
0.340364649804	8.0	157.0	145.0	310.0	 2
0.354070596778	8.0	156.0	146.0	310.0	 2
0.360600004924	8.0	155.0	147.0	310.0	 2
0.364312751877	7.0	156.0	147.0	310.0	 1
0.366127791992	7.0	155.0	148.0	310.0	 2
0.368259170884	7.0	154.0	149.0	310.0	 2
0.369667058667	7.0	153.0	150.0	310.0	 2
0.370055896545	7.0	152.0	151.0	310.0	 2
0.371076451153	7.0	151.0	152.0	310.0	 2
0.372107911579	7.0	150.0	153.0	310.0	 2
0.372981457483	7.0	149.0	154.0	310.0	 2
0.37350953411	7.0	148.0	155.0	310.0	 2
0.375046643217	7.0	147.0	156.0	310.0	 2
0.378522470174	6.0	148.0	156.0	310.0	 1
0.38151845316	6.0	147.0	157.0	310.0	 2
0.384479508292	6.0	146.0	158.0	310.0	 2
0.384836963504	6.0	145.0	159.0	310.0	 2
0.39446156276	6.0	144.0	160.0	310.0	 2
0.394601426009	6.0	143.0	161.0	310.0	 2
0.401608205211	6.0	142.0	162.0	310.0	 2
0.40747609876	5.0	143.0	162.0	310.0	 1
0.412875939012	5.0	142.0	163.0	310.0	 2
0.413600707237	5.0	141.0	164.0	310.0	 2
0.417328237654	5.0	140.0	165.0	310.0	 2
0.426296937061	5.0	139.0	166.0	310.0	 2
0.42920683075	5.0	138.0	167.0	310.0	 2
0.42928671411	4.0	139.0	167.0	310.0	 1
0.434353622952	4.0	138.0	168.0	310.0	 2
0.439917074198	4.0	137.0	169.0	310.0	 2
0.440036368032	4.0	136.0	170.0	310.0	 2
0.442007415578	4.0	135.0	171.0	310.0	 2
0.4425436678	4.0	134.0	172.0	310.0	 2
0.454008710251	4.0	133.0	173.0	310.0	 2
0.454545454545	4.0	133.0	173.0	310.0	 0
