# reactions: 2
Time	S	I	R	N	Fired Reaction
0.0	46.0	181.0	83.0	310.0	 0
0.00464800465379	45.0	182.0	83.0	310.0	 1
0.00771930404657	45.0	181.0	84.0	310.0	 2
0.00780334707592	45.0	180.0	85.0	310.0	 2
0.0108602281783	44.0	181.0	85.0	310.0	 1
0.0159844274646	43.0	182.0	85.0	310.0	 1
0.0174463815059	43.0	181.0	86.0	310.0	 2
0.0182290409266	42.0	182.0	86.0	310.0	 1
0.0233716575113	42.0	181.0	87.0	310.0	 2
0.0270098328597	41.0	182.0	87.0	310.0	 1
0.028123233466	41.0	181.0	88.0	310.0	 2
0.0295226243793	41.0	180.0	89.0	310.0	 2
0.0300930604576	40.0	181.0	89.0	310.0	 1
0.0347858573797	39.0	182.0	89.0	310.0	 1
0.0425469241198	38.0	183.0	89.0	310.0	 1
0.0435972923353	38.0	182.0	90.0	310.0	 2
0.046397479554	37.0	183.0	90.0	310.0	 1
0.0479923405462	37.0	182.0	91.0	310.0	 2
0.0501554943172	37.0	181.0	92.0	310.0	 2
0.0559565010705	37.0	180.0	93.0	310.0	 2
0.0591533201519	36.0	181.0	93.0	310.0	 1
0.0627912523486	36.0	180.0	94.0	310.0	 2
0.0632765947127	35.0	181.0	94.0	310.0	 1
0.064225569122	34.0	182.0	94.0	310.0	 1
0.0674809413137	33.0	183.0	94.0	310.0	 1
0.0706567846816	33.0	182.0	95.0	310.0	 2
0.0738946152291	32.0	183.0	95.0	310.0	 1
0.0739707179691	32.0	182.0	96.0	310.0	 2
0.0750195297863	31.0	183.0	96.0	310.0	 1
0.0766986470932	31.0	182.0	97.0	310.0	 2
0.0811341294862	30.0	183.0	97.0	310.0	 1
0.0812056714416	30.0	182.0	98.0	310.0	 2
0.0905942404041	30.0	181.0	99.0	310.0	 2
0.0953862811279	30.0	180.0	100.0	310.0	 2
0.0957582649657	29.0	181.0	100.0	310.0	 1
0.101620192841	29.0	180.0	101.0	310.0	 2
0.104297162316	28.0	181.0	101.0	310.0	 1
0.105503592799	27.0	182.0	101.0	310.0	 1
0.106661710898	26.0	183.0	101.0	310.0	 1
0.107847784659	26.0	182.0	102.0	310.0	 2
0.110258517825	26.0	181.0	103.0	310.0	 2
0.115258164252	25.0	182.0	103.0	310.0	 1
0.117329398026	24.0	183.0	103.0	310.0	 1
0.119363330057	24.0	182.0	104.0	310.0	 2
0.126189594483	23.0	183.0	104.0	310.0	 1
0.136312883289	23.0	182.0	105.0	310.0	 2
0.144720762335	23.0	181.0	106.0	310.0	 2
0.155866059304	23.0	180.0	107.0	310.0	 2
0.158207906481	23.0	179.0	108.0	310.0	 2
0.160246668524	23.0	178.0	109.0	310.0	 2
0.166107522578	22.0	179.0	109.0	310.0	 1
0.167039305957	21.0	180.0	109.0	310.0	 1
0.167747349531	20.0	181.0	109.0	310.0	 1
0.17485477001	20.0	180.0	110.0	310.0	 2
0.180003153292	20.0	179.0	111.0	310.0	 2
0.181869917882	20.0	178.0	112.0	310.0	 2
0.18884418833	19.0	179.0	112.0	310.0	 1
0.201035380497	19.0	178.0	113.0	310.0	 2
0.202071777566	18.0	179.0	113.0	310.0	 1
0.205347782184	18.0	178.0	114.0	310.0	 2
0.206957105006	18.0	177.0	115.0	310.0	 2
0.207117966408	18.0	176.0	116.0	310.0	 2
0.207230209748	17.0	177.0	116.0	310.0	 1
0.207726384747	17.0	176.0	117.0	310.0	 2
0.212175133308	17.0	175.0	118.0	310.0	 2
0.214015975134	17.0	174.0	119.0	310.0	 2
0.216696649424	16.0	175.0	119.0	310.0	 1
0.229066322128	16.0	174.0	120.0	310.0	 2
0.230611653099	16.0	173.0	121.0	310.0	 2
0.235842173687	16.0	172.0	122.0	310.0	 2
0.236216373551	16.0	171.0	123.0	310.0	 2
0.240337869496	16.0	170.0	124.0	310.0	 2
0.242531860907	16.0	169.0	125.0	310.0	 2
0.245805992612	16.0	168.0	126.0	310.0	 2
0.254798282368	15.0	169.0	126.0	310.0	 1
0.26060816472	14.0	170.0	126.0	310.0	 1
0.267792181276	14.0	169.0	127.0	310.0	 2
0.268267746017	14.0	168.0	128.0	310.0	 2
0.27094995566	14.0	167.0	129.0	310.0	 2
0.272576404977	13.0	168.0	129.0	310.0	 1
0.273716640106	12.0	169.0	129.0	310.0	 1
0.275774458276	12.0	168.0	130.0	310.0	 2
0.276050321762	12.0	167.0	131.0	310.0	 2
0.279214271762	12.0	166.0	132.0	310.0	 2
0.279851236169	12.0	165.0	133.0	310.0	 2
0.288523953743	12.0	164.0	134.0	310.0	 2
0.297410891676	11.0	165.0	134.0	310.0	 1
0.304995715886	11.0	164.0	135.0	310.0	 2
0.30725791156	11.0	163.0	136.0	310.0	 2
0.313094926062	11.0	162.0	137.0	310.0	 2
0.316555752005	11.0	161.0	138.0	310.0	 2
0.324754828505	10.0	162.0	138.0	310.0	 1
0.333681291671	10.0	161.0	139.0	310.0	 2
0.334567364802	10.0	160.0	140.0	310.0	 2
0.344550899102	9.0	161.0	140.0	310.0	 1
0.347358398298	9.0	160.0	141.0	310.0	 2
0.355747095455	8.0	161.0	141.0	310.0	 1
0.356892806924	7.0	162.0	141.0	310.0	 1
0.366477185001	7.0	161.0	142.0	310.0	 2
0.370566702722	7.0	160.0	143.0	310.0	 2
0.374920157998	7.0	159.0	144.0	310.0	 2
0.389659494482	6.0	160.0	144.0	310.0	 1
0.394303347583	6.0	159.0	145.0	310.0	 2
0.397685444194	6.0	158.0	146.0	310.0	 2
0.401070693804	6.0	157.0	147.0	310.0	 2
0.406051606047	6.0	156.0	148.0	310.0	 2
0.411531554743	6.0	155.0	149.0	310.0	 2
0.412681825538	6.0	154.0	150.0	310.0	 2
0.41294568903	5.0	155.0	150.0	310.0	 1
0.428263301372	5.0	154.0	151.0	310.0	 2
0.440607039142	5.0	153.0	152.0	310.0	 2
0.441248286905	5.0	152.0	153.0	310.0	 2
0.448371000144	5.0	151.0	154.0	310.0	 2
0.454545454545	5.0	151.0	154.0	310.0	 0
