# reactions: 2
Time	S	I	R	N	Fired Reaction
0.0	46.0	181.0	83.0	310.0	 0
0.00509047203053	45.0	182.0	83.0	310.0	 1
0.00589642765508	45.0	181.0	84.0	310.0	 2
0.00975974226319	45.0	180.0	85.0	310.0	 2
0.00988659191682	44.0	181.0	85.0	310.0	 1
0.0115343242192	43.0	182.0	85.0	310.0	 1
0.0173190829725	43.0	181.0	86.0	310.0	 2
0.0187097560006	42.0	182.0	86.0	310.0	 1
0.0192688532008	42.0	181.0	87.0	310.0	 2
0.0228916607832	41.0	182.0	87.0	310.0	 1
0.0259661120794	40.0	183.0	87.0	310.0	 1
0.028161115139	40.0	182.0	88.0	310.0	 2
0.0306018717127	39.0	183.0	88.0	310.0	 1
0.0339217078414	39.0	182.0	89.0	310.0	 2
0.0368980900412	39.0	181.0	90.0	310.0	 2
0.0410995815462	38.0	182.0	90.0	310.0	 1
0.0418143807481	38.0	181.0	91.0	310.0	 2
0.0448150174037	38.0	180.0	92.0	310.0	 2
0.0504724891569	37.0	181.0	92.0	310.0	 1
0.0528302436826	36.0	182.0	92.0	310.0	 1
0.0551369629366	35.0	183.0	92.0	310.0	 1
0.0553561259521	35.0	182.0	93.0	310.0	 2
0.0575428969519	35.0	181.0	94.0	310.0	 2
0.0633677875197	35.0	180.0	95.0	310.0	 2
0.0636466499666	34.0	181.0	95.0	310.0	 1
0.0640569634333	34.0	180.0	96.0	310.0	 2
0.0659142947144	34.0	179.0	97.0	310.0	 2
0.0690838184741	33.0	180.0	97.0	310.0	 1
0.0706892372592	32.0	181.0	97.0	310.0	 1
0.0722101493331	32.0	180.0	98.0	310.0	 2
0.0765993687628	31.0	181.0	98.0	310.0	 1
0.0769250355038	31.0	180.0	99.0	310.0	 2
0.0769710917571	31.0	179.0	100.0	310.0	 2
0.0799201396694	31.0	178.0	101.0	310.0	 2
0.0923381262541	31.0	177.0	102.0	310.0	 2
0.0926478580353	30.0	178.0	102.0	310.0	 1
0.092920914048	29.0	179.0	102.0	310.0	 1
0.0983496426334	29.0	178.0	103.0	310.0	 2
0.0989803105725	29.0	177.0	104.0	310.0	 2
0.100121049245	29.0	176.0	105.0	310.0	 2
0.100653143366	29.0	175.0	106.0	310.0	 2
0.101135283719	29.0	174.0	107.0	310.0	 2
0.104032343878	29.0	173.0	108.0	310.0	 2
0.105381442328	28.0	174.0	108.0	310.0	 1
0.106327904701	28.0	173.0	109.0	310.0	 2
0.108240308553	28.0	172.0	110.0	310.0	 2
0.112496737219	28.0	171.0	111.0	310.0	 2
0.117669048448	28.0	170.0	112.0	310.0	 2
0.12352618484	28.0	169.0	113.0	310.0	 2
0.12629254755	28.0	168.0	114.0	310.0	 2
0.134634182324	27.0	169.0	114.0	310.0	 1
0.142789550001	27.0	168.0	115.0	310.0	 2
0.145644463887	27.0	167.0	116.0	310.0	 2
0.149305665865	27.0	166.0	117.0	310.0	 2
0.15065791675	26.0	167.0	117.0	310.0	 1
0.153945783854	26.0	166.0	118.0	310.0	 2
0.161650262134	25.0	167.0	118.0	310.0	 1
0.16409775614	24.0	168.0	118.0	310.0	 1
0.164626376595	24.0	167.0	119.0	310.0	 2
0.165101579508	24.0	166.0	120.0	310.0	 2
0.165527472162	24.0	165.0	121.0	310.0	 2
0.204785266207	24.0	164.0	122.0	310.0	 2
0.206411411506	24.0	163.0	123.0	310.0	 2
0.206725204618	24.0	162.0	124.0	310.0	 2
0.21378525711	23.0	163.0	124.0	310.0	 1
0.214672742553	23.0	162.0	125.0	310.0	 2
0.217915732902	23.0	161.0	126.0	310.0	 2
0.225738495806	23.0	160.0	127.0	310.0	 2
0.22609017115	23.0	159.0	128.0	310.0	 2
0.229457652814	23.0	158.0	129.0	310.0	 2
0.229967609067	23.0	157.0	130.0	310.0	 2
0.231345808679	22.0	158.0	130.0	310.0	 1
0.236718467665	22.0	157.0	131.0	310.0	 2
0.237017044213	22.0	156.0	132.0	310.0	 2
0.237029937573	21.0	157.0	132.0	310.0	 1
0.237504773476	21.0	156.0	133.0	310.0	 2
0.240693125731	20.0	157.0	133.0	310.0	 1
0.247330328179	20.0	156.0	134.0	310.0	 2
0.248311977118	20.0	155.0	135.0	310.0	 2
0.249091118361	19.0	156.0	135.0	310.0	 1
0.249587967312	19.0	155.0	136.0	310.0	 2
0.253966432139	19.0	154.0	137.0	310.0	 2
0.258108785565	18.0	155.0	137.0	310.0	 1
0.261836708313	18.0	154.0	138.0	310.0	 2
0.262512424137	17.0	155.0	138.0	310.0	 1
0.276702344021	16.0	156.0	138.0	310.0	 1
0.280127811025	16.0	155.0	139.0	310.0	 2
0.281844292155	16.0	154.0	140.0	310.0	 2
0.294627291588	16.0	153.0	141.0	310.0	 2
0.298307482288	16.0	152.0	142.0	310.0	 2
0.30252450989	16.0	151.0	143.0	310.0	 2
0.308374049041	16.0	150.0	144.0	310.0	 2
0.314261835286	16.0	149.0	145.0	310.0	 2
0.326121050241	16.0	148.0	146.0	310.0	 2
0.330236817158	15.0	149.0	146.0	310.0	 1
0.336084558441	15.0	148.0	147.0	310.0	 2
0.343572956085	15.0	147.0	148.0	310.0	 2
0.343631401578	15.0	146.0	149.0	310.0	 2
0.344546929602	15.0	145.0	150.0	310.0	 2
0.345141897074	14.0	146.0	150.0	310.0	 1
0.348281104477	14.0	145.0	151.0	310.0	 2
0.356261208594	14.0	144.0	152.0	310.0	 2
0.3599350926	14.0	143.0	153.0	310.0	 2
0.365099317683	14.0	142.0	154.0	310.0	 2
0.371011712177	14.0	141.0	155.0	310.0	 2
0.377870103656	14.0	140.0	156.0	310.0	 2
0.382906365453	14.0	139.0	157.0	310.0	 2
0.384676477374	14.0	138.0	158.0	310.0	 2
0.39499540194	14.0	137.0	159.0	310.0	 2
0.395524831836	14.0	136.0	160.0	310.0	 2
0.402593246073	14.0	135.0	161.0	310.0	 2
0.417841613504	14.0	134.0	162.0	310.0	 2
0.42234229527	13.0	135.0	162.0	310.0	 1
0.422555453582	13.0	134.0	163.0	310.0	 2
0.424562459521	13.0	133.0	164.0	310.0	 2
0.424829115837	13.0	132.0	165.0	310.0	 2
0.430605608538	13.0	131.0	166.0	310.0	 2
0.438253390883	12.0	132.0	166.0	310.0	 1
0.440455087136	12.0	131.0	167.0	310.0	 2
0.454545454545	12.0	131.0	167.0	310.0	 0
