# reactions: 2
Time	S	I	R	N	Fired Reaction
0.0	46.0	181.0	83.0	310.0	 0
0.00129920817812	46.0	180.0	84.0	310.0	 2
0.00151441132396	45.0	181.0	84.0	310.0	 1
0.00158624325568	45.0	180.0	85.0	310.0	 2
0.00408972831635	45.0	179.0	86.0	310.0	 2
0.00692210129314	45.0	178.0	87.0	310.0	 2
0.0078188807876	44.0	179.0	87.0	310.0	 1
0.0101482863976	43.0	180.0	87.0	310.0	 1
0.0105980102764	43.0	179.0	88.0	310.0	 2
0.0126504977627	43.0	178.0	89.0	310.0	 2
0.013546106104	42.0	179.0	89.0	310.0	 1
0.0142388380712	42.0	178.0	90.0	310.0	 2
0.0161357611935	41.0	179.0	90.0	310.0	 1
0.0178614529214	41.0	178.0	91.0	310.0	 2
0.0197549005238	41.0	177.0	92.0	310.0	 2
0.0238648783935	40.0	178.0	92.0	310.0	 1
0.0240939075171	39.0	179.0	92.0	310.0	 1
0.026670348214	38.0	180.0	92.0	310.0	 1
0.0283301516463	38.0	179.0	93.0	310.0	 2
0.0285920795649	37.0	180.0	93.0	310.0	 1
0.03045583618	37.0	179.0	94.0	310.0	 2
0.0315842100404	36.0	180.0	94.0	310.0	 1
0.032540405934	36.0	179.0	95.0	310.0	 2
0.034600286937	36.0	178.0	96.0	310.0	 2
0.035071524107	36.0	177.0	97.0	310.0	 2
0.0378862209586	35.0	178.0	97.0	310.0	 1
0.0382555693621	35.0	177.0	98.0	310.0	 2
0.0513584699961	35.0	176.0	99.0	310.0	 2
0.0519840481257	34.0	177.0	99.0	310.0	 1
0.0541631977656	33.0	178.0	99.0	310.0	 1
0.0541693435556	32.0	179.0	99.0	310.0	 1
0.0584611339021	32.0	178.0	100.0	310.0	 2
0.0669468296137	32.0	177.0	101.0	310.0	 2
0.0678024922142	31.0	178.0	101.0	310.0	 1
0.0710571607382	31.0	177.0	102.0	310.0	 2
0.0762756237586	31.0	176.0	103.0	310.0	 2
0.0791040672375	30.0	177.0	103.0	310.0	 1
0.0799679950749	30.0	176.0	104.0	310.0	 2
0.0890787072268	29.0	177.0	104.0	310.0	 1
0.0902262347863	28.0	178.0	104.0	310.0	 1
0.0944959289625	27.0	179.0	104.0	310.0	 1
0.0955996529731	27.0	178.0	105.0	310.0	 2
0.0968653953722	27.0	177.0	106.0	310.0	 2
0.100512988339	27.0	176.0	107.0	310.0	 2
0.102272841646	27.0	175.0	108.0	310.0	 2
0.10497704583	26.0	176.0	108.0	310.0	 1
0.107394723777	25.0	177.0	108.0	310.0	 1
0.111123156647	25.0	176.0	109.0	310.0	 2
0.113748193455	25.0	175.0	110.0	310.0	 2
0.114524277492	25.0	174.0	111.0	310.0	 2
0.114657241347	25.0	173.0	112.0	310.0	 2
0.127963382382	25.0	172.0	113.0	310.0	 2
0.128240622615	24.0	173.0	113.0	310.0	 1
0.130739183171	24.0	172.0	114.0	310.0	 2
0.132819586506	23.0	173.0	114.0	310.0	 1
0.14145337929	23.0	172.0	115.0	310.0	 2
0.153562511599	23.0	171.0	116.0	310.0	 2
0.154536491464	22.0	172.0	116.0	310.0	 1
0.156290477665	21.0	173.0	116.0	310.0	 1
0.160633555138	21.0	172.0	117.0	310.0	 2
0.161554792921	21.0	171.0	118.0	310.0	 2
0.174754617102	21.0	170.0	119.0	310.0	 2
0.175286858186	21.0	169.0	120.0	310.0	 2
0.177747656864	21.0	168.0	121.0	310.0	 2
0.177863116272	21.0	167.0	122.0	310.0	 2
0.177987618025	21.0	166.0	123.0	310.0	 2
0.180359459578	21.0	165.0	124.0	310.0	 2
0.186949148044	21.0	164.0	125.0	310.0	 2
0.188347308499	20.0	165.0	125.0	310.0	 1
0.18880173498	19.0	166.0	125.0	310.0	 1
0.18932738554	19.0	165.0	126.0	310.0	 2
0.192906987794	18.0	166.0	126.0	310.0	 1
0.197322212799	17.0	167.0	126.0	310.0	 1
0.198096165438	17.0	166.0	127.0	310.0	 2
0.198442500864	17.0	165.0	128.0	310.0	 2
0.204119239257	17.0	164.0	129.0	310.0	 2
0.204253951694	16.0	165.0	129.0	310.0	 1
0.204537177784	15.0	166.0	129.0	310.0	 1
0.208083191909	15.0	165.0	130.0	310.0	 2
0.21039025292	15.0	164.0	131.0	310.0	 2
0.21062306283	15.0	163.0	132.0	310.0	 2
0.218754183916	14.0	164.0	132.0	310.0	 1
0.223589479281	14.0	163.0	133.0	310.0	 2
0.234498294967	14.0	162.0	134.0	310.0	 2
0.234642206821	13.0	163.0	134.0	310.0	 1
0.245901223282	13.0	162.0	135.0	310.0	 2
0.248231880925	13.0	161.0	136.0	310.0	 2
0.25255882413	13.0	160.0	137.0	310.0	 2
0.257289743982	13.0	159.0	138.0	310.0	 2
0.258651831204	13.0	158.0	139.0	310.0	 2
0.26151766597	13.0	157.0	140.0	310.0	 2
0.265915641436	13.0	156.0	141.0	310.0	 2
0.269995584489	13.0	155.0	142.0	310.0	 2
0.270288912742	12.0	156.0	142.0	310.0	 1
0.274562328936	11.0	157.0	142.0	310.0	 1
0.28580092825	11.0	156.0	143.0	310.0	 2
0.288402624123	10.0	157.0	143.0	310.0	 1
0.290405388209	10.0	156.0	144.0	310.0	 2
0.291563911897	10.0	155.0	145.0	310.0	 2
0.2950739107	10.0	154.0	146.0	310.0	 2
0.295510767745	10.0	153.0	147.0	310.0	 2
0.296234575894	10.0	152.0	148.0	310.0	 2
0.300254735299	10.0	151.0	149.0	310.0	 2
0.317735408937	10.0	150.0	150.0	310.0	 2
0.321972833408	10.0	149.0	151.0	310.0	 2
0.324969797221	10.0	148.0	152.0	310.0	 2
0.329456419797	9.0	149.0	152.0	310.0	 1
0.331143907362	9.0	148.0	153.0	310.0	 2
0.331729099519	9.0	147.0	154.0	310.0	 2
0.339375146816	9.0	146.0	155.0	310.0	 2
0.34855622169	9.0	145.0	156.0	310.0	 2
0.35127791257	9.0	144.0	157.0	310.0	 2
0.352875907432	8.0	145.0	157.0	310.0	 1
0.353515876745	7.0	146.0	157.0	310.0	 1
0.362032576253	7.0	145.0	158.0	310.0	 2
0.364217233514	7.0	144.0	159.0	310.0	 2
0.383189392904	7.0	143.0	160.0	310.0	 2
0.384505466875	7.0	142.0	161.0	310.0	 2
0.384768852494	7.0	141.0	162.0	310.0	 2
0.391529225196	7.0	140.0	163.0	310.0	 2
0.39208507663	7.0	139.0	164.0	310.0	 2
0.394445108407	6.0	140.0	164.0	310.0	 1
0.402464069987	6.0	139.0	165.0	310.0	 2
0.409965153866	6.0	138.0	166.0	310.0	 2
0.411151085738	6.0	137.0	167.0	310.0	 2
0.411553613675	6.0	136.0	168.0	310.0	 2
0.413250704102	6.0	135.0	169.0	310.0	 2
0.413560290449	5.0	136.0	169.0	310.0	 1
0.417149950516	5.0	135.0	170.0	310.0	 2
0.427799245605	5.0	134.0	171.0	310.0	 2
0.430831359768	5.0	133.0	172.0	310.0	 2
0.434938390108	5.0	132.0	173.0	310.0	 2
0.435829597487	5.0	131.0	174.0	310.0	 2
0.436643483122	5.0	130.0	175.0	310.0	 2
0.444302460565	5.0	129.0	176.0	310.0	 2
0.454545454545	5.0	129.0	176.0	310.0	 0
