# reactions: 2
Time	S	I	R	N	Fired Reaction
0.0	46.0	181.0	83.0	310.0	 0
0.00145710144383	45.0	182.0	83.0	310.0	 1
0.00544967653253	44.0	183.0	83.0	310.0	 1
0.00739362855443	43.0	184.0	83.0	310.0	 1
0.00912091466213	43.0	183.0	84.0	310.0	 2
0.00959741530375	43.0	182.0	85.0	310.0	 2
0.0100140926063	43.0	181.0	86.0	310.0	 2
0.0109354412365	42.0	182.0	86.0	310.0	 1
0.0134364943262	42.0	181.0	87.0	310.0	 2
0.0147300123088	42.0	180.0	88.0	310.0	 2
0.0168794135028	42.0	179.0	89.0	310.0	 2
0.0183369071532	41.0	180.0	89.0	310.0	 1
0.0187184840893	41.0	179.0	90.0	310.0	 2
0.0189851708524	41.0	178.0	91.0	310.0	 2
0.0204585192968	40.0	179.0	91.0	310.0	 1
0.0213568155191	40.0	178.0	92.0	310.0	 2
0.0226113777273	39.0	179.0	92.0	310.0	 1
0.0290563309794	38.0	180.0	92.0	310.0	 1
0.040301462286	37.0	181.0	92.0	310.0	 1
0.0444331806233	36.0	182.0	92.0	310.0	 1
0.0472385005682	36.0	181.0	93.0	310.0	 2
0.0498041927179	36.0	180.0	94.0	310.0	 2
0.0515889973045	36.0	179.0	95.0	310.0	 2
0.0619041025051	35.0	180.0	95.0	310.0	 1
0.0662335604001	35.0	179.0	96.0	310.0	 2
0.0673641016383	34.0	180.0	96.0	310.0	 1
0.0674260621908	33.0	181.0	96.0	310.0	 1
0.0688142067847	33.0	180.0	97.0	310.0	 2
0.0692657236305	32.0	181.0	97.0	310.0	 1
0.0741185702154	31.0	182.0	97.0	310.0	 1
0.0762473123809	30.0	183.0	97.0	310.0	 1
0.0838674549707	30.0	182.0	98.0	310.0	 2
0.0876873867286	30.0	181.0	99.0	310.0	 2
0.0877050535316	30.0	180.0	100.0	310.0	 2
0.0892343724286	29.0	181.0	100.0	310.0	 1
0.092860561196	29.0	180.0	101.0	310.0	 2
0.0938099028964	29.0	179.0	102.0	310.0	 2
0.0992132359305	28.0	180.0	102.0	310.0	 1
0.0997585665353	27.0	181.0	102.0	310.0	 1
0.109076379788	26.0	182.0	102.0	310.0	 1
0.109223131974	25.0	183.0	102.0	310.0	 1
0.110906791815	25.0	182.0	103.0	310.0	 2
0.121127481425	25.0	181.0	104.0	310.0	 2
0.122447387032	25.0	180.0	105.0	310.0	 2
0.123849286823	24.0	181.0	105.0	310.0	 1
0.125663445686	23.0	182.0	105.0	310.0	 1
0.134386055378	22.0	183.0	105.0	310.0	 1
0.136947688014	21.0	184.0	105.0	310.0	 1
0.1381004451	21.0	183.0	106.0	310.0	 2
0.143746261834	21.0	182.0	107.0	310.0	 2
0.160042506501	21.0	181.0	108.0	310.0	 2
0.164589731357	21.0	180.0	109.0	310.0	 2
0.168337095596	21.0	179.0	110.0	310.0	 2
0.171392501295	20.0	180.0	110.0	310.0	 1
0.173585080218	20.0	179.0	111.0	310.0	 2
0.174770747805	19.0	180.0	111.0	310.0	 1
0.175310923369	19.0	179.0	112.0	310.0	 2
0.176785716679	18.0	180.0	112.0	310.0	 1
0.180576603369	18.0	179.0	113.0	310.0	 2
0.189756553611	17.0	180.0	113.0	310.0	 1
0.204739237058	17.0	179.0	114.0	310.0	 2
0.206611190017	17.0	178.0	115.0	310.0	 2
0.22358392605	17.0	177.0	116.0	310.0	 2
0.223857788501	16.0	178.0	116.0	310.0	 1
0.229352320639	16.0	177.0	117.0	310.0	 2
0.240516684104	15.0	178.0	117.0	310.0	 1
0.24719212747	15.0	177.0	118.0	310.0	 2
0.247677184991	15.0	176.0	119.0	310.0	 2
0.247961577729	15.0	175.0	120.0	310.0	 2
0.247987521521	14.0	176.0	120.0	310.0	 1
0.250024235519	13.0	177.0	120.0	310.0	 1
0.253248972709	13.0	176.0	121.0	310.0	 2
0.254231881796	13.0	175.0	122.0	310.0	 2
0.255865489903	12.0	176.0	122.0	310.0	 1
0.262508440335	12.0	175.0	123.0	310.0	 2
0.266706256609	12.0	174.0	124.0	310.0	 2
0.283647580732	12.0	173.0	125.0	310.0	 2
0.286325539443	11.0	174.0	125.0	310.0	 1
0.28698430843	11.0	173.0	126.0	310.0	 2
0.287109990571	11.0	172.0	127.0	310.0	 2
0.289438554928	11.0	171.0	128.0	310.0	 2
0.297664254126	11.0	170.0	129.0	310.0	 2
0.31142348199	10.0	171.0	129.0	310.0	 1
0.31881745502	10.0	170.0	130.0	310.0	 2
0.328924651371	10.0	169.0	131.0	310.0	 2
0.333041680976	10.0	168.0	132.0	310.0	 2
0.33341223929	10.0	167.0	133.0	310.0	 2
0.336320798758	9.0	168.0	133.0	310.0	 1
0.345732945855	8.0	169.0	133.0	310.0	 1
0.346717926396	8.0	168.0	134.0	310.0	 2
0.359708857726	8.0	167.0	135.0	310.0	 2
0.361270202016	8.0	166.0	136.0	310.0	 2
0.366153971245	8.0	165.0	137.0	310.0	 2
0.376127200543	8.0	164.0	138.0	310.0	 2
0.387100026098	8.0	163.0	139.0	310.0	 2
0.388193055881	8.0	162.0	140.0	310.0	 2
0.394264986697	8.0	161.0	141.0	310.0	 2
0.41886382904	8.0	160.0	142.0	310.0	 2
0.422494197818	7.0	161.0	142.0	310.0	 1
0.423831393652	6.0	162.0	142.0	310.0	 1
0.42561544316	6.0	161.0	143.0	310.0	 2
0.42785772634	6.0	160.0	144.0	310.0	 2
0.433545945593	6.0	159.0	145.0	310.0	 2
0.43485851571	6.0	158.0	146.0	310.0	 2
0.438574893168	6.0	157.0	147.0	310.0	 2
0.43861439289	6.0	156.0	148.0	310.0	 2
0.442280795908	6.0	155.0	149.0	310.0	 2
0.448059932614	6.0	154.0	150.0	310.0	 2
0.450939996927	6.0	153.0	151.0	310.0	 2
0.454545454545	6.0	153.0	151.0	310.0	 0
