# reactions: 2
Time	S	I	R	N	Fired Reaction
0.0	46.0	181.0	83.0	310.0	 0
0.000329963524663	45.0	182.0	83.0	310.0	 1
0.0027419798282	44.0	183.0	83.0	310.0	 1
0.00677958307219	44.0	182.0	84.0	310.0	 2
0.00995037094414	43.0	183.0	84.0	310.0	 1
0.0140759910106	43.0	182.0	85.0	310.0	 2
0.0150092368595	42.0	183.0	85.0	310.0	 1
0.015124453162	41.0	184.0	85.0	310.0	 1
0.0174746221629	41.0	183.0	86.0	310.0	 2
0.0175645612691	40.0	184.0	86.0	310.0	 1
0.0190770928619	39.0	185.0	86.0	310.0	 1
0.0196730868435	38.0	186.0	86.0	310.0	 1
0.0210807684953	38.0	185.0	87.0	310.0	 2
0.0250779801124	38.0	184.0	88.0	310.0	 2
0.0251592060761	38.0	183.0	89.0	310.0	 2
0.0296596889906	37.0	184.0	89.0	310.0	 1
0.030995585756	37.0	183.0	90.0	310.0	 2
0.0321177937052	37.0	182.0	91.0	310.0	 2
0.0369201606645	37.0	181.0	92.0	310.0	 2
0.0382703333193	36.0	182.0	92.0	310.0	 1
0.0406552248491	35.0	183.0	92.0	310.0	 1
0.0414490467125	35.0	182.0	93.0	310.0	 2
0.0418935326349	35.0	181.0	94.0	310.0	 2
0.0420128479725	34.0	182.0	94.0	310.0	 1
0.0453161785794	34.0	181.0	95.0	310.0	 2
0.0504240544333	34.0	180.0	96.0	310.0	 2
0.0533380180875	33.0	181.0	96.0	310.0	 1
0.0598824614103	32.0	182.0	96.0	310.0	 1
0.0623263520566	32.0	181.0	97.0	310.0	 2
0.0641327528163	31.0	182.0	97.0	310.0	 1
0.0666405095483	30.0	183.0	97.0	310.0	 1
0.0714247728489	30.0	182.0	98.0	310.0	 2
0.0752253431584	29.0	183.0	98.0	310.0	 1
0.0769044598088	28.0	184.0	98.0	310.0	 1
0.0779132473715	28.0	183.0	99.0	310.0	 2
0.0780980116195	28.0	182.0	100.0	310.0	 2
0.0781997185581	27.0	183.0	100.0	310.0	 1
0.0877048303933	27.0	182.0	101.0	310.0	 2
0.0903262425481	27.0	181.0	102.0	310.0	 2
0.0980706723553	27.0	180.0	103.0	310.0	 2
0.102107945864	27.0	179.0	104.0	310.0	 2
0.104062390887	27.0	178.0	105.0	310.0	 2
0.105105813898	26.0	179.0	105.0	310.0	 1
0.105482052432	26.0	178.0	106.0	310.0	 2
0.108336361368	25.0	179.0	106.0	310.0	 1
0.109776288297	24.0	180.0	106.0	310.0	 1
0.110336857876	23.0	181.0	106.0	310.0	 1
0.111405193461	23.0	180.0	107.0	310.0	 2
0.113303685507	23.0	179.0	108.0	310.0	 2
0.121656468989	23.0	178.0	109.0	310.0	 2
0.123430795899	23.0	177.0	110.0	310.0	 2
0.123636756677	23.0	176.0	111.0	310.0	 2
0.126495707544	23.0	175.0	112.0	310.0	 2
0.132445879647	23.0	174.0	113.0	310.0	 2
0.134461640844	23.0	173.0	114.0	310.0	 2
0.135863929084	22.0	174.0	114.0	310.0	 1
0.138528428171	22.0	173.0	115.0	310.0	 2
0.145137639593	22.0	172.0	116.0	310.0	 2
0.145582453345	22.0	171.0	117.0	310.0	 2
0.149272403423	21.0	172.0	117.0	310.0	 1
0.151763789119	21.0	171.0	118.0	310.0	 2
0.158084303988	20.0	172.0	118.0	310.0	 1
0.159815590176	20.0	171.0	119.0	310.0	 2
0.161503207827	20.0	170.0	120.0	310.0	 2
0.172029647537	20.0	169.0	121.0	310.0	 2
0.173180064002	20.0	168.0	122.0	310.0	 2
0.178252145714	19.0	169.0	122.0	310.0	 1
0.180565135186	19.0	168.0	123.0	310.0	 2
0.18174899724	19.0	167.0	124.0	310.0	 2
0.188131840622	18.0	168.0	124.0	310.0	 1
0.19202134866	17.0	169.0	124.0	310.0	 1
0.196632957791	17.0	168.0	125.0	310.0	 2
0.197212176708	16.0	169.0	125.0	310.0	 1
0.199018016993	15.0	170.0	125.0	310.0	 1
0.200171279852	14.0	171.0	125.0	310.0	 1
0.203391901485	14.0	170.0	126.0	310.0	 2
0.204378405273	14.0	169.0	127.0	310.0	 2
0.205712231026	14.0	168.0	128.0	310.0	 2
0.206313614691	14.0	167.0	129.0	310.0	 2
0.210372508235	14.0	166.0	130.0	310.0	 2
0.212452213222	14.0	165.0	131.0	310.0	 2
0.220313548445	13.0	166.0	131.0	310.0	 1
0.224904050915	13.0	165.0	132.0	310.0	 2
0.225252301535	13.0	164.0	133.0	310.0	 2
0.225735119911	12.0	165.0	133.0	310.0	 1
0.228761618624	11.0	166.0	133.0	310.0	 1
0.230234809848	11.0	165.0	134.0	310.0	 2
0.245599564844	11.0	164.0	135.0	310.0	 2
0.246644905153	11.0	163.0	136.0	310.0	 2
0.255012053824	11.0	162.0	137.0	310.0	 2
0.255493663614	11.0	161.0	138.0	310.0	 2
0.257475807294	11.0	160.0	139.0	310.0	 2
0.264468567219	10.0	161.0	139.0	310.0	 1
0.268559464589	10.0	160.0	140.0	310.0	 2
0.274692179817	10.0	159.0	141.0	310.0	 2
0.279556034223	9.0	160.0	141.0	310.0	 1
0.279778533839	9.0	159.0	142.0	310.0	 2
0.292363433273	9.0	158.0	143.0	310.0	 2
0.30115215957	8.0	159.0	143.0	310.0	 1
0.302123056909	8.0	158.0	144.0	310.0	 2
0.305958889528	8.0	157.0	145.0	310.0	 2
0.310807177708	8.0	156.0	146.0	310.0	 2
0.320371203844	7.0	157.0	146.0	310.0	 1
0.321402007308	6.0	158.0	146.0	310.0	 1
0.322109981688	5.0	159.0	146.0	310.0	 1
0.336836368687	5.0	158.0	147.0	310.0	 2
0.337480350068	5.0	157.0	148.0	310.0	 2
0.355788398495	5.0	156.0	149.0	310.0	 2
0.360371019846	5.0	155.0	150.0	310.0	 2
0.368379339474	5.0	154.0	151.0	310.0	 2
0.369653772763	5.0	153.0	152.0	310.0	 2
0.371807700586	5.0	152.0	153.0	310.0	 2
0.373298058978	5.0	151.0	154.0	310.0	 2
0.388303984623	5.0	150.0	155.0	310.0	 2
0.391742706768	5.0	149.0	156.0	310.0	 2
0.397163080225	5.0	148.0	157.0	310.0	 2
0.399445572833	5.0	147.0	158.0	310.0	 2
0.405232840482	4.0	148.0	158.0	310.0	 1
0.409186620683	4.0	147.0	159.0	310.0	 2
0.446473760454	4.0	146.0	160.0	310.0	 2
0.448362788159	4.0	145.0	161.0	310.0	 2
0.453798661878	4.0	144.0	162.0	310.0	 2
0.454545454545	4.0	144.0	162.0	310.0	 0
