# reactions: 2
Time	S	I	R	N	Fired Reaction
0.0	46.0	181.0	83.0	310.0	 0
0.000996526202069	45.0	182.0	83.0	310.0	 1
0.00349231150517	44.0	183.0	83.0	310.0	 1
0.0071532200201	43.0	184.0	83.0	310.0	 1
0.00901933635219	43.0	183.0	84.0	310.0	 2
0.0179272346246	43.0	182.0	85.0	310.0	 2
0.0191973822816	43.0	181.0	86.0	310.0	 2
0.020328320763	42.0	182.0	86.0	310.0	 1
0.0216197278595	42.0	181.0	87.0	310.0	 2
0.0240538906153	42.0	180.0	88.0	310.0	 2
0.0254771664675	41.0	181.0	88.0	310.0	 1
0.0260463655614	40.0	182.0	88.0	310.0	 1
0.0275943507381	40.0	181.0	89.0	310.0	 2
0.0300278249285	40.0	180.0	90.0	310.0	 2
0.0323639720159	40.0	179.0	91.0	310.0	 2
0.0371264390498	40.0	178.0	92.0	310.0	 2
0.0381884907216	39.0	179.0	92.0	310.0	 1
0.0386725110085	38.0	180.0	92.0	310.0	 1
0.0392610156018	38.0	179.0	93.0	310.0	 2
0.0443730167753	38.0	178.0	94.0	310.0	 2
0.0457293697519	37.0	179.0	94.0	310.0	 1
0.0457852790133	36.0	180.0	94.0	310.0	 1
0.0460052232106	35.0	181.0	94.0	310.0	 1
0.0471034122127	34.0	182.0	94.0	310.0	 1
0.0493476404958	34.0	181.0	95.0	310.0	 2
0.0526061302527	33.0	182.0	95.0	310.0	 1
0.0590753433309	32.0	183.0	95.0	310.0	 1
0.0599260088465	31.0	184.0	95.0	310.0	 1
0.0611071411327	30.0	185.0	95.0	310.0	 1
0.0676242286289	30.0	184.0	96.0	310.0	 2
0.0697308830483	30.0	183.0	97.0	310.0	 2
0.0705693158472	30.0	182.0	98.0	310.0	 2
0.0805097028684	29.0	183.0	98.0	310.0	 1
0.0810704764186	28.0	184.0	98.0	310.0	 1
0.0823447189796	28.0	183.0	99.0	310.0	 2
0.0825371371609	28.0	182.0	100.0	310.0	 2
0.0853899079588	28.0	181.0	101.0	310.0	 2
0.0874355832098	28.0	180.0	102.0	310.0	 2
0.0902844916513	28.0	179.0	103.0	310.0	 2
0.0917166356737	28.0	178.0	104.0	310.0	 2
0.0917824229287	27.0	179.0	104.0	310.0	 1
0.0934389440384	26.0	180.0	104.0	310.0	 1
0.095958782735	25.0	181.0	104.0	310.0	 1
0.103061330798	24.0	182.0	104.0	310.0	 1
0.106663452101	24.0	181.0	105.0	310.0	 2
0.107029462369	24.0	180.0	106.0	310.0	 2
0.107589195153	23.0	181.0	106.0	310.0	 1
0.107951246369	23.0	180.0	107.0	310.0	 2
0.115979726385	23.0	179.0	108.0	310.0	 2
0.120945020645	23.0	178.0	109.0	310.0	 2
0.121934796231	22.0	179.0	109.0	310.0	 1
0.126406339463	21.0	180.0	109.0	310.0	 1
0.131557680859	20.0	181.0	109.0	310.0	 1
0.141299527626	19.0	182.0	109.0	310.0	 1
0.141320318821	19.0	181.0	110.0	310.0	 2
0.141454279457	19.0	180.0	111.0	310.0	 2
0.142870933129	19.0	179.0	112.0	310.0	 2
0.145822591866	19.0	178.0	113.0	310.0	 2
0.146151801495	19.0	177.0	114.0	310.0	 2
0.147848957525	18.0	178.0	114.0	310.0	 1
0.149987784464	18.0	177.0	115.0	310.0	 2
0.15573512589	18.0	176.0	116.0	310.0	 2
0.155981955152	18.0	175.0	117.0	310.0	 2
0.15636539499	17.0	176.0	117.0	310.0	 1
0.159495494701	17.0	175.0	118.0	310.0	 2
0.167383925271	16.0	176.0	118.0	310.0	 1
0.167951772287	16.0	175.0	119.0	310.0	 2
0.173382549949	15.0	176.0	119.0	310.0	 1
0.175706903991	15.0	175.0	120.0	310.0	 2
0.180415898029	15.0	174.0	121.0	310.0	 2
0.185987406805	15.0	173.0	122.0	310.0	 2
0.19442111507	14.0	174.0	122.0	310.0	 1
0.195677747327	13.0	175.0	122.0	310.0	 1
0.208779879568	12.0	176.0	122.0	310.0	 1
0.22774111485	11.0	177.0	122.0	310.0	 1
0.231672745115	11.0	176.0	123.0	310.0	 2
0.235194839103	11.0	175.0	124.0	310.0	 2
0.237711220404	11.0	174.0	125.0	310.0	 2
0.246610597358	10.0	175.0	125.0	310.0	 1
0.248229001855	10.0	174.0	126.0	310.0	 2
0.251305443552	10.0	173.0	127.0	310.0	 2
0.253885230516	10.0	172.0	128.0	310.0	 2
0.297981807977	10.0	171.0	129.0	310.0	 2
0.299357947641	10.0	170.0	130.0	310.0	 2
0.304820807084	10.0	169.0	131.0	310.0	 2
0.305055953621	10.0	168.0	132.0	310.0	 2
0.317266505105	10.0	167.0	133.0	310.0	 2
0.319257818784	10.0	166.0	134.0	310.0	 2
0.319531770724	10.0	165.0	135.0	310.0	 2
0.324744540447	10.0	164.0	136.0	310.0	 2
0.328725457653	10.0	163.0	137.0	310.0	 2
0.334395681732	9.0	164.0	137.0	310.0	 1
0.336398077461	9.0	163.0	138.0	310.0	 2
0.352379278412	9.0	162.0	139.0	310.0	 2
0.357960312072	9.0	161.0	140.0	310.0	 2
0.368654595514	9.0	160.0	141.0	310.0	 2
0.385242684289	9.0	159.0	142.0	310.0	 2
0.391541447459	9.0	158.0	143.0	310.0	 2
0.393763527158	9.0	157.0	144.0	310.0	 2
0.395689839462	8.0	158.0	144.0	310.0	 1
0.39961515662	7.0	159.0	144.0	310.0	 1
0.405340219015	7.0	158.0	145.0	310.0	 2
0.408489426031	7.0	157.0	146.0	310.0	 2
0.418095743947	7.0	156.0	147.0	310.0	 2
0.426508569901	6.0	157.0	147.0	310.0	 1
0.432486298187	6.0	156.0	148.0	310.0	 2
0.432842252035	5.0	157.0	148.0	310.0	 1
0.439331350189	4.0	158.0	148.0	310.0	 1
0.440238559047	4.0	157.0	149.0	310.0	 2
0.445801607636	4.0	156.0	150.0	310.0	 2
0.450822628157	4.0	155.0	151.0	310.0	 2
0.454545454545	4.0	155.0	151.0	310.0	 0
