# reactions: 2
Time	S	I	R	N	Fired Reaction
0.0	46.0	181.0	83.0	310.0	 0
0.00215131893456	45.0	182.0	83.0	310.0	 1
0.00326294465154	44.0	183.0	83.0	310.0	 1
0.00487940271415	44.0	182.0	84.0	310.0	 2
0.00711639475687	44.0	181.0	85.0	310.0	 2
0.00714170665338	44.0	180.0	86.0	310.0	 2
0.0075583771323	44.0	179.0	87.0	310.0	 2
0.0126250492871	43.0	180.0	87.0	310.0	 1
0.0131887812023	42.0	181.0	87.0	310.0	 1
0.0140245438617	41.0	182.0	87.0	310.0	 1
0.0149105691646	41.0	181.0	88.0	310.0	 2
0.0168689504917	40.0	182.0	88.0	310.0	 1
0.0208286445613	39.0	183.0	88.0	310.0	 1
0.0223687712301	39.0	182.0	89.0	310.0	 2
0.0225063498969	38.0	183.0	89.0	310.0	 1
0.0237449334487	37.0	184.0	89.0	310.0	 1
0.0264225521754	36.0	185.0	89.0	310.0	 1
0.0269282938277	35.0	186.0	89.0	310.0	 1
0.0270101839062	35.0	185.0	90.0	310.0	 2
0.0282380554156	34.0	186.0	90.0	310.0	 1
0.0282590544979	33.0	187.0	90.0	310.0	 1
0.0291361936141	33.0	186.0	91.0	310.0	 2
0.0292036663085	32.0	187.0	91.0	310.0	 1
0.0292938000446	31.0	188.0	91.0	310.0	 1
0.0310193194314	31.0	187.0	92.0	310.0	 2
0.0318760471737	31.0	186.0	93.0	310.0	 2
0.0330043267328	31.0	185.0	94.0	310.0	 2
0.033044745846	30.0	186.0	94.0	310.0	 1
0.0332089838293	30.0	185.0	95.0	310.0	 2
0.0344076091552	30.0	184.0	96.0	310.0	 2
0.0434302674841	29.0	185.0	96.0	310.0	 1
0.0454032639951	28.0	186.0	96.0	310.0	 1
0.0456454118132	28.0	185.0	97.0	310.0	 2
0.0457665833144	27.0	186.0	97.0	310.0	 1
0.0466311288482	27.0	185.0	98.0	310.0	 2
0.0550536336589	26.0	186.0	98.0	310.0	 1
0.0552911543741	26.0	185.0	99.0	310.0	 2
0.055326450666	26.0	184.0	100.0	310.0	 2
0.0559993606056	26.0	183.0	101.0	310.0	 2
0.0613432313059	26.0	182.0	102.0	310.0	 2
0.0625846407348	25.0	183.0	102.0	310.0	 1
0.0716433366026	25.0	182.0	103.0	310.0	 2
0.0753140893558	25.0	181.0	104.0	310.0	 2
0.0770067274336	25.0	180.0	105.0	310.0	 2
0.0779056003398	25.0	179.0	106.0	310.0	 2
0.0789213028482	24.0	180.0	106.0	310.0	 1
0.0820451730165	23.0	181.0	106.0	310.0	 1
0.0846356909364	23.0	180.0	107.0	310.0	 2
0.0860362447981	23.0	179.0	108.0	310.0	 2
0.094393835859	23.0	178.0	109.0	310.0	 2
0.097634488805	23.0	177.0	110.0	310.0	 2
0.100598726086	22.0	178.0	110.0	310.0	 1
0.104093584152	22.0	177.0	111.0	310.0	 2
0.107820306495	22.0	176.0	112.0	310.0	 2
0.107989754424	22.0	175.0	113.0	310.0	 2
0.108022336107	21.0	176.0	113.0	310.0	 1
0.108409111477	20.0	177.0	113.0	310.0	 1
0.108453744581	19.0	178.0	113.0	310.0	 1
0.111915737868	18.0	179.0	113.0	310.0	 1
0.11545667424	18.0	178.0	114.0	310.0	 2
0.120108308769	18.0	177.0	115.0	310.0	 2
0.121201446293	18.0	176.0	116.0	310.0	 2
0.121882491939	18.0	175.0	117.0	310.0	 2
0.123448047524	18.0	174.0	118.0	310.0	 2
0.124333661748	18.0	173.0	119.0	310.0	 2
0.125644345911	18.0	172.0	120.0	310.0	 2
0.133751319842	18.0	171.0	121.0	310.0	 2
0.133832823106	18.0	170.0	122.0	310.0	 2
0.141403796124	18.0	169.0	123.0	310.0	 2
0.14694569378	18.0	168.0	124.0	310.0	 2
0.163924872897	18.0	167.0	125.0	310.0	 2
0.165566845695	18.0	166.0	126.0	310.0	 2
0.168096528228	18.0	165.0	127.0	310.0	 2
0.170405993458	18.0	164.0	128.0	310.0	 2
0.17169932295	18.0	163.0	129.0	310.0	 2
0.175411997777	17.0	164.0	129.0	310.0	 1
0.177164771594	17.0	163.0	130.0	310.0	 2
0.189873344439	17.0	162.0	131.0	310.0	 2
0.199993070106	17.0	161.0	132.0	310.0	 2
0.200231243868	16.0	162.0	132.0	310.0	 1
0.201798064988	16.0	161.0	133.0	310.0	 2
0.202372141278	15.0	162.0	133.0	310.0	 1
0.203794387001	15.0	161.0	134.0	310.0	 2
0.221587117581	14.0	162.0	134.0	310.0	 1
0.229654151457	14.0	161.0	135.0	310.0	 2
0.231063285149	13.0	162.0	135.0	310.0	 1
0.233320012498	13.0	161.0	136.0	310.0	 2
0.236666265867	13.0	160.0	137.0	310.0	 2
0.241885634647	12.0	161.0	137.0	310.0	 1
0.242014478781	11.0	162.0	137.0	310.0	 1
0.248274491466	11.0	161.0	138.0	310.0	 2
0.265908171627	11.0	160.0	139.0	310.0	 2
0.272055240982	11.0	159.0	140.0	310.0	 2
0.27206709015	11.0	158.0	141.0	310.0	 2
0.282629206747	11.0	157.0	142.0	310.0	 2
0.28522716677	11.0	156.0	143.0	310.0	 2
0.287079834649	11.0	155.0	144.0	310.0	 2
0.289818665096	11.0	154.0	145.0	310.0	 2
0.296685588379	11.0	153.0	146.0	310.0	 2
0.298795248827	10.0	154.0	146.0	310.0	 1
0.303684448905	10.0	153.0	147.0	310.0	 2
0.305108343382	10.0	152.0	148.0	310.0	 2
0.307269868584	10.0	151.0	149.0	310.0	 2
0.310235464238	10.0	150.0	150.0	310.0	 2
0.313369763854	10.0	149.0	151.0	310.0	 2
0.337643957988	10.0	148.0	152.0	310.0	 2
0.344740792325	10.0	147.0	153.0	310.0	 2
0.350551171114	10.0	146.0	154.0	310.0	 2
0.369157607614	9.0	147.0	154.0	310.0	 1
0.37744425649	8.0	148.0	154.0	310.0	 1
0.391556571876	8.0	147.0	155.0	310.0	 2
0.393503550446	8.0	146.0	156.0	310.0	 2
0.398938479219	8.0	145.0	157.0	310.0	 2
0.402763870518	8.0	144.0	158.0	310.0	 2
0.4047157954	8.0	143.0	159.0	310.0	 2
0.406920643805	7.0	144.0	159.0	310.0	 1
0.418121573169	7.0	143.0	160.0	310.0	 2
0.423639915352	7.0	142.0	161.0	310.0	 2
0.425121425953	7.0	141.0	162.0	310.0	 2
0.426384941315	7.0	140.0	163.0	310.0	 2
0.434038003089	7.0	139.0	164.0	310.0	 2
0.439097979432	7.0	138.0	165.0	310.0	 2
0.446841479385	6.0	139.0	165.0	310.0	 1
0.447519436971	6.0	138.0	166.0	310.0	 2
0.447986964271	6.0	137.0	167.0	310.0	 2
0.449753459704	5.0	138.0	167.0	310.0	 1
0.454545454545	5.0	138.0	167.0	310.0	 0
