# reactions: 2
Time	S	I	R	N	Fired Reaction
0.0	46.0	181.0	83.0	310.0	 0
8.43157248491e-05	45.0	182.0	83.0	310.0	 1
0.00162993105893	45.0	181.0	84.0	310.0	 2
0.00326172892848	45.0	180.0	85.0	310.0	 2
0.00598116424853	45.0	179.0	86.0	310.0	 2
0.00603491416648	44.0	180.0	86.0	310.0	 1
0.00651098331422	43.0	181.0	86.0	310.0	 1
0.0106302265512	42.0	182.0	86.0	310.0	 1
0.014560278564	41.0	183.0	86.0	310.0	 1
0.0154076612448	41.0	182.0	87.0	310.0	 2
0.0193681135107	41.0	181.0	88.0	310.0	 2
0.0198524467835	41.0	180.0	89.0	310.0	 2
0.0202319965709	40.0	181.0	89.0	310.0	 1
0.0215834713536	39.0	182.0	89.0	310.0	 1
0.027276451576	38.0	183.0	89.0	310.0	 1
0.0298046799329	38.0	182.0	90.0	310.0	 2
0.0305417839837	37.0	183.0	90.0	310.0	 1
0.0318313230433	37.0	182.0	91.0	310.0	 2
0.0390931706877	36.0	183.0	91.0	310.0	 1
0.0420485714912	36.0	182.0	92.0	310.0	 2
0.0425004734579	36.0	181.0	93.0	310.0	 2
0.0438175819379	35.0	182.0	93.0	310.0	 1
0.0472254656689	34.0	183.0	93.0	310.0	 1
0.0495120149045	33.0	184.0	93.0	310.0	 1
0.052290757297	33.0	183.0	94.0	310.0	 2
0.0572956907952	33.0	182.0	95.0	310.0	 2
0.0583559774484	33.0	181.0	96.0	310.0	 2
0.0595424576159	33.0	180.0	97.0	310.0	 2
0.0634070811268	32.0	181.0	97.0	310.0	 1
0.0705538896721	32.0	180.0	98.0	310.0	 2
0.0749093408551	31.0	181.0	98.0	310.0	 1
0.0765904023021	30.0	182.0	98.0	310.0	 1
0.0798654028965	29.0	183.0	98.0	310.0	 1
0.0800694239302	29.0	182.0	99.0	310.0	 2
0.0807329120342	28.0	183.0	99.0	310.0	 1
0.0835390964734	27.0	184.0	99.0	310.0	 1
0.0871286808433	26.0	185.0	99.0	310.0	 1
0.0876909439663	26.0	184.0	100.0	310.0	 2
0.0905026516567	26.0	183.0	101.0	310.0	 2
0.0944963434573	26.0	182.0	102.0	310.0	 2
0.105768240633	25.0	183.0	102.0	310.0	 1
0.109709560539	24.0	184.0	102.0	310.0	 1
0.110213397767	24.0	183.0	103.0	310.0	 2
0.114171665398	23.0	184.0	103.0	310.0	 1
0.114820237707	23.0	183.0	104.0	310.0	 2
0.121178818184	22.0	184.0	104.0	310.0	 1
0.123440060145	22.0	183.0	105.0	310.0	 2
0.125553391599	21.0	184.0	105.0	310.0	 1
0.127243017577	20.0	185.0	105.0	310.0	 1
0.128706863845	20.0	184.0	106.0	310.0	 2
0.134084473489	20.0	183.0	107.0	310.0	 2
0.135426063873	20.0	182.0	108.0	310.0	 2
0.136023544441	20.0	181.0	109.0	310.0	 2
0.136739055008	20.0	180.0	110.0	310.0	 2
0.138298740523	19.0	181.0	110.0	310.0	 1
0.139333413699	19.0	180.0	111.0	310.0	 2
0.140901453022	19.0	179.0	112.0	310.0	 2
0.147218624237	19.0	178.0	113.0	310.0	 2
0.149687559979	19.0	177.0	114.0	310.0	 2
0.152077977994	19.0	176.0	115.0	310.0	 2
0.15363307164	19.0	175.0	116.0	310.0	 2
0.157215328485	18.0	176.0	116.0	310.0	 1
0.164492457253	18.0	175.0	117.0	310.0	 2
0.166297456082	17.0	176.0	117.0	310.0	 1
0.172353917575	16.0	177.0	117.0	310.0	 1
0.174516836106	16.0	176.0	118.0	310.0	 2
0.182407395653	16.0	175.0	119.0	310.0	 2
0.186169107174	16.0	174.0	120.0	310.0	 2
0.212213376411	16.0	173.0	121.0	310.0	 2
0.212665888302	15.0	174.0	121.0	310.0	 1
0.213541251559	14.0	175.0	121.0	310.0	 1
0.224542335773	14.0	174.0	122.0	310.0	 2
0.22691011148	13.0	175.0	122.0	310.0	 1
0.230543744798	13.0	174.0	123.0	310.0	 2
0.230783009275	13.0	173.0	124.0	310.0	 2
0.236295031634	13.0	172.0	125.0	310.0	 2
0.237247590283	13.0	171.0	126.0	310.0	 2
0.244059264818	13.0	170.0	127.0	310.0	 2
0.246663698424	13.0	169.0	128.0	310.0	 2
0.262827378384	13.0	168.0	129.0	310.0	 2
0.270994089327	13.0	167.0	130.0	310.0	 2
0.274458802399	13.0	166.0	131.0	310.0	 2
0.284164568299	13.0	165.0	132.0	310.0	 2
0.288756274212	12.0	166.0	132.0	310.0	 1
0.289414039544	11.0	167.0	132.0	310.0	 1
0.291118409236	11.0	166.0	133.0	310.0	 2
0.292655732797	11.0	165.0	134.0	310.0	 2
0.293842657059	11.0	164.0	135.0	310.0	 2
0.294364714399	11.0	163.0	136.0	310.0	 2
0.295785128935	11.0	162.0	137.0	310.0	 2
0.297144743691	11.0	161.0	138.0	310.0	 2
0.297170507875	11.0	160.0	139.0	310.0	 2
0.298522171552	11.0	159.0	140.0	310.0	 2
0.302976671236	11.0	158.0	141.0	310.0	 2
0.304074085983	11.0	157.0	142.0	310.0	 2
0.325727955081	11.0	156.0	143.0	310.0	 2
0.332428342799	11.0	155.0	144.0	310.0	 2
0.334306584181	11.0	154.0	145.0	310.0	 2
0.337600488315	10.0	155.0	145.0	310.0	 1
0.338065360758	10.0	154.0	146.0	310.0	 2
0.340873300914	10.0	153.0	147.0	310.0	 2
0.344780524411	10.0	152.0	148.0	310.0	 2
0.345713695414	10.0	151.0	149.0	310.0	 2
0.350485775625	10.0	150.0	150.0	310.0	 2
0.350821723804	10.0	149.0	151.0	310.0	 2
0.352329811799	10.0	148.0	152.0	310.0	 2
0.354097152543	10.0	147.0	153.0	310.0	 2
0.355118139042	10.0	146.0	154.0	310.0	 2
0.355859618359	9.0	147.0	154.0	310.0	 1
0.359320824547	9.0	146.0	155.0	310.0	 2
0.372224956851	8.0	147.0	155.0	310.0	 1
0.376433812189	8.0	146.0	156.0	310.0	 2
0.379311858721	8.0	145.0	157.0	310.0	 2
0.380128617327	7.0	146.0	157.0	310.0	 1
0.382639587502	7.0	145.0	158.0	310.0	 2
0.392519444179	7.0	144.0	159.0	310.0	 2
0.404421938991	7.0	143.0	160.0	310.0	 2
0.410777682872	7.0	142.0	161.0	310.0	 2
0.413532479736	7.0	141.0	162.0	310.0	 2
0.41526649847	7.0	140.0	163.0	310.0	 2
0.415958338805	7.0	139.0	164.0	310.0	 2
0.416748709686	7.0	138.0	165.0	310.0	 2
0.423937420334	7.0	137.0	166.0	310.0	 2
0.424240468598	7.0	136.0	167.0	310.0	 2
0.42484984809	7.0	135.0	168.0	310.0	 2
0.435885330268	6.0	136.0	168.0	310.0	 1
0.451533242662	6.0	135.0	169.0	310.0	 2
0.453281160258	6.0	134.0	170.0	310.0	 2
0.454103067017	6.0	133.0	171.0	310.0	 2
0.454545454545	6.0	133.0	171.0	310.0	 0
