# reactions: 2
Time	S	I	R	N	Fired Reaction
0.0	46.0	181.0	83.0	310.0	 0
0.0128022786681	45.0	182.0	83.0	310.0	 1
0.0152794312224	44.0	183.0	83.0	310.0	 1
0.0231735519821	44.0	182.0	84.0	310.0	 2
0.0232661760301	43.0	183.0	84.0	310.0	 1
0.0252311267768	42.0	184.0	84.0	310.0	 1
0.026736662687	42.0	183.0	85.0	310.0	 2
0.0274917257424	41.0	184.0	85.0	310.0	 1
0.0284931245693	41.0	183.0	86.0	310.0	 2
0.0294397872408	41.0	182.0	87.0	310.0	 2
0.0296662260368	41.0	181.0	88.0	310.0	 2
0.0305530823021	40.0	182.0	88.0	310.0	 1
0.0306698938625	39.0	183.0	88.0	310.0	 1
0.035189142469	39.0	182.0	89.0	310.0	 2
0.0391136624338	38.0	183.0	89.0	310.0	 1
0.0391287449267	38.0	182.0	90.0	310.0	 2
0.0411186722548	38.0	181.0	91.0	310.0	 2
0.0414114806827	38.0	180.0	92.0	310.0	 2
0.0421515005681	37.0	181.0	92.0	310.0	 1
0.0472900327658	37.0	180.0	93.0	310.0	 2
0.0483113996774	37.0	179.0	94.0	310.0	 2
0.0495898838323	36.0	180.0	94.0	310.0	 1
0.0514353345324	36.0	179.0	95.0	310.0	 2
0.0578201520401	35.0	180.0	95.0	310.0	 1
0.060473960988	34.0	181.0	95.0	310.0	 1
0.0610791676449	34.0	180.0	96.0	310.0	 2
0.0661778630494	33.0	181.0	96.0	310.0	 1
0.0671303221141	33.0	180.0	97.0	310.0	 2
0.0703816837356	32.0	181.0	97.0	310.0	 1
0.0724590241038	32.0	180.0	98.0	310.0	 2
0.0732957948579	32.0	179.0	99.0	310.0	 2
0.0750813311451	31.0	180.0	99.0	310.0	 1
0.0827393606221	31.0	179.0	100.0	310.0	 2
0.0873309167779	30.0	180.0	100.0	310.0	 1
0.0877155981969	30.0	179.0	101.0	310.0	 2
0.0878677388426	30.0	178.0	102.0	310.0	 2
0.0894515566636	29.0	179.0	102.0	310.0	 1
0.0894726052962	29.0	178.0	103.0	310.0	 2
0.090683360269	29.0	177.0	104.0	310.0	 2
0.0951536178539	29.0	176.0	105.0	310.0	 2
0.0993234965519	28.0	177.0	105.0	310.0	 1
0.100044071544	27.0	178.0	105.0	310.0	 1
0.106803547214	26.0	179.0	105.0	310.0	 1
0.110766627358	25.0	180.0	105.0	310.0	 1
0.113002505409	25.0	179.0	106.0	310.0	 2
0.11523089395	25.0	178.0	107.0	310.0	 2
0.1155418725	25.0	177.0	108.0	310.0	 2
0.119413193349	25.0	176.0	109.0	310.0	 2
0.127291670951	25.0	175.0	110.0	310.0	 2
0.128659801806	24.0	176.0	110.0	310.0	 1
0.130019731358	23.0	177.0	110.0	310.0	 1
0.133394735319	22.0	178.0	110.0	310.0	 1
0.137024561742	21.0	179.0	110.0	310.0	 1
0.139807980878	20.0	180.0	110.0	310.0	 1
0.140252058094	19.0	181.0	110.0	310.0	 1
0.141534160885	19.0	180.0	111.0	310.0	 2
0.148378223542	19.0	179.0	112.0	310.0	 2
0.152906988695	19.0	178.0	113.0	310.0	 2
0.157373821223	19.0	177.0	114.0	310.0	 2
0.160251493679	19.0	176.0	115.0	310.0	 2
0.163666904177	18.0	177.0	115.0	310.0	 1
0.166720741879	18.0	176.0	116.0	310.0	 2
0.169705887436	18.0	175.0	117.0	310.0	 2
0.176557273891	18.0	174.0	118.0	310.0	 2
0.17798279464	18.0	173.0	119.0	310.0	 2
0.182902918822	18.0	172.0	120.0	310.0	 2
0.187179006848	17.0	173.0	120.0	310.0	 1
0.187858403871	17.0	172.0	121.0	310.0	 2
0.189090883194	17.0	171.0	122.0	310.0	 2
0.193442211641	17.0	170.0	123.0	310.0	 2
0.193744739132	17.0	169.0	124.0	310.0	 2
0.198022294693	16.0	170.0	124.0	310.0	 1
0.20242707261	16.0	169.0	125.0	310.0	 2
0.202593369856	15.0	170.0	125.0	310.0	 1
0.204613122586	15.0	169.0	126.0	310.0	 2
0.206362950767	15.0	168.0	127.0	310.0	 2
0.210180130497	15.0	167.0	128.0	310.0	 2
0.21097663862	15.0	166.0	129.0	310.0	 2
0.217115503831	15.0	165.0	130.0	310.0	 2
0.22021599581	15.0	164.0	131.0	310.0	 2
0.226094371132	15.0	163.0	132.0	310.0	 2
0.229153607835	15.0	162.0	133.0	310.0	 2
0.232484776446	14.0	163.0	133.0	310.0	 1
0.233596018386	14.0	162.0	134.0	310.0	 2
0.234542294297	14.0	161.0	135.0	310.0	 2
0.239671068096	14.0	160.0	136.0	310.0	 2
0.245332139506	14.0	159.0	137.0	310.0	 2
0.246347059877	13.0	160.0	137.0	310.0	 1
0.24681564948	13.0	159.0	138.0	310.0	 2
0.250614580829	12.0	160.0	138.0	310.0	 1
0.261696472733	12.0	159.0	139.0	310.0	 2
0.267295465994	12.0	158.0	140.0	310.0	 2
0.268197297017	11.0	159.0	140.0	310.0	 1
0.27010931289	11.0	158.0	141.0	310.0	 2
0.285412463018	11.0	157.0	142.0	310.0	 2
0.285565071749	11.0	156.0	143.0	310.0	 2
0.297890271177	11.0	155.0	144.0	310.0	 2
0.302130991346	11.0	154.0	145.0	310.0	 2
0.303524602923	11.0	153.0	146.0	310.0	 2
0.313910448364	10.0	154.0	146.0	310.0	 1
0.327812611032	10.0	153.0	147.0	310.0	 2
0.334934102422	10.0	152.0	148.0	310.0	 2
0.350136558957	10.0	151.0	149.0	310.0	 2
0.352425883571	10.0	150.0	150.0	310.0	 2
0.354220743425	9.0	151.0	150.0	310.0	 1
0.362037019511	9.0	150.0	151.0	310.0	 2
0.362508686864	8.0	151.0	151.0	310.0	 1
0.36631088272	8.0	150.0	152.0	310.0	 2
0.379456593234	8.0	149.0	153.0	310.0	 2
0.380888295848	8.0	148.0	154.0	310.0	 2
0.413980625979	7.0	149.0	154.0	310.0	 1
0.414449782771	6.0	150.0	154.0	310.0	 1
0.418362791424	6.0	149.0	155.0	310.0	 2
0.419084026327	6.0	148.0	156.0	310.0	 2
0.434042689665	6.0	147.0	157.0	310.0	 2
0.43511098216	6.0	146.0	158.0	310.0	 2
0.435491192968	5.0	147.0	158.0	310.0	 1
0.445701528456	5.0	146.0	159.0	310.0	 2
0.447191338552	5.0	145.0	160.0	310.0	 2
0.454545454545	5.0	145.0	160.0	310.0	 0
