# reactions: 2
Time	S	I	R	N	Fired Reaction
0.0	46.0	181.0	83.0	310.0	 0
0.00108464126212	46.0	180.0	84.0	310.0	 2
0.00278005851917	46.0	179.0	85.0	310.0	 2
0.00522017689706	46.0	178.0	86.0	310.0	 2
0.0130150200538	45.0	179.0	86.0	310.0	 1
0.0138626872933	45.0	178.0	87.0	310.0	 2
0.0176963206834	44.0	179.0	87.0	310.0	 1
0.0179092112048	44.0	178.0	88.0	310.0	 2
0.0212438799183	43.0	179.0	88.0	310.0	 1
0.0232275518694	43.0	178.0	89.0	310.0	 2
0.0239484582851	43.0	177.0	90.0	310.0	 2
0.0246894901991	43.0	176.0	91.0	310.0	 2
0.0256954453969	42.0	177.0	91.0	310.0	 1
0.0286709169934	42.0	176.0	92.0	310.0	 2
0.0384645172116	41.0	177.0	92.0	310.0	 1
0.0415082782603	41.0	176.0	93.0	310.0	 2
0.0420284550945	41.0	175.0	94.0	310.0	 2
0.0435275771475	41.0	174.0	95.0	310.0	 2
0.0437444135291	40.0	175.0	95.0	310.0	 1
0.0439390253161	40.0	174.0	96.0	310.0	 2
0.0454619107417	39.0	175.0	96.0	310.0	 1
0.0514204074904	38.0	176.0	96.0	310.0	 1
0.0560002291735	38.0	175.0	97.0	310.0	 2
0.0576416639488	37.0	176.0	97.0	310.0	 1
0.0621159013165	36.0	177.0	97.0	310.0	 1
0.0645562692231	36.0	176.0	98.0	310.0	 2
0.0668068292036	35.0	177.0	98.0	310.0	 1
0.0687443692259	34.0	178.0	98.0	310.0	 1
0.0689399000787	34.0	177.0	99.0	310.0	 2
0.0751335264116	34.0	176.0	100.0	310.0	 2
0.0814388130733	34.0	175.0	101.0	310.0	 2
0.0827638968455	33.0	176.0	101.0	310.0	 1
0.0989115592231	33.0	175.0	102.0	310.0	 2
0.108126747505	32.0	176.0	102.0	310.0	 1
0.110651702665	32.0	175.0	103.0	310.0	 2
0.11374366726	32.0	174.0	104.0	310.0	 2
0.114492850175	32.0	173.0	105.0	310.0	 2
0.116024363511	32.0	172.0	106.0	310.0	 2
0.116552209776	32.0	171.0	107.0	310.0	 2
0.11853994695	31.0	172.0	107.0	310.0	 1
0.118801284734	30.0	173.0	107.0	310.0	 1
0.130622764167	30.0	172.0	108.0	310.0	 2
0.133943941987	30.0	171.0	109.0	310.0	 2
0.143034657975	30.0	170.0	110.0	310.0	 2
0.145454965624	30.0	169.0	111.0	310.0	 2
0.146463479526	30.0	168.0	112.0	310.0	 2
0.148025712639	29.0	169.0	112.0	310.0	 1
0.16329914236	29.0	168.0	113.0	310.0	 2
0.165972280893	29.0	167.0	114.0	310.0	 2
0.166727056368	28.0	168.0	114.0	310.0	 1
0.167474846393	28.0	167.0	115.0	310.0	 2
0.169525542114	28.0	166.0	116.0	310.0	 2
0.174970293279	27.0	167.0	116.0	310.0	 1
0.175869891376	26.0	168.0	116.0	310.0	 1
0.179285402251	25.0	169.0	116.0	310.0	 1
0.180213947077	24.0	170.0	116.0	310.0	 1
0.182012378108	24.0	169.0	117.0	310.0	 2
0.183094283813	24.0	168.0	118.0	310.0	 2
0.186022988947	24.0	167.0	119.0	310.0	 2
0.187426909244	23.0	168.0	119.0	310.0	 1
0.188924096735	23.0	167.0	120.0	310.0	 2
0.202580527861	23.0	166.0	121.0	310.0	 2
0.205162882621	22.0	167.0	121.0	310.0	 1
0.210630333575	22.0	166.0	122.0	310.0	 2
0.211409650487	21.0	167.0	122.0	310.0	 1
0.228224167533	21.0	166.0	123.0	310.0	 2
0.237296229845	21.0	165.0	124.0	310.0	 2
0.239466432456	21.0	164.0	125.0	310.0	 2
0.243062314437	21.0	163.0	126.0	310.0	 2
0.24370036934	21.0	162.0	127.0	310.0	 2
0.245382190553	20.0	163.0	127.0	310.0	 1
0.246261145661	20.0	162.0	128.0	310.0	 2
0.25017297037	20.0	161.0	129.0	310.0	 2
0.253905292326	20.0	160.0	130.0	310.0	 2
0.254258012906	20.0	159.0	131.0	310.0	 2
0.255114082832	19.0	160.0	131.0	310.0	 1
0.256137899289	19.0	159.0	132.0	310.0	 2
0.256840278752	19.0	158.0	133.0	310.0	 2
0.264167109626	18.0	159.0	133.0	310.0	 1
0.26543709662	17.0	160.0	133.0	310.0	 1
0.270064230204	16.0	161.0	133.0	310.0	 1
0.271688938367	16.0	160.0	134.0	310.0	 2
0.276634107899	16.0	159.0	135.0	310.0	 2
0.28206521985	15.0	160.0	135.0	310.0	 1
0.286232894789	15.0	159.0	136.0	310.0	 2
0.293007807708	15.0	158.0	137.0	310.0	 2
0.297005839551	15.0	157.0	138.0	310.0	 2
0.298903793701	15.0	156.0	139.0	310.0	 2
0.304844022228	15.0	155.0	140.0	310.0	 2
0.30495428954	15.0	154.0	141.0	310.0	 2
0.312165813001	14.0	155.0	141.0	310.0	 1
0.324198284004	13.0	156.0	141.0	310.0	 1
0.331082595687	13.0	155.0	142.0	310.0	 2
0.344055636471	12.0	156.0	142.0	310.0	 1
0.364918898023	12.0	155.0	143.0	310.0	 2
0.366607811631	11.0	156.0	143.0	310.0	 1
0.368062297165	11.0	155.0	144.0	310.0	 2
0.369513007663	11.0	154.0	145.0	310.0	 2
0.372431468872	11.0	153.0	146.0	310.0	 2
0.37306570997	11.0	152.0	147.0	310.0	 2
0.374290029144	11.0	151.0	148.0	310.0	 2
0.37493442913	10.0	152.0	148.0	310.0	 1
0.374963665699	10.0	151.0	149.0	310.0	 2
0.376091920724	10.0	150.0	150.0	310.0	 2
0.381145771578	10.0	149.0	151.0	310.0	 2
0.386990639703	10.0	148.0	152.0	310.0	 2
0.388314940416	9.0	149.0	152.0	310.0	 1
0.39368315962	9.0	148.0	153.0	310.0	 2
0.395001708439	9.0	147.0	154.0	310.0	 2
0.396558416393	9.0	146.0	155.0	310.0	 2
0.404632088403	9.0	145.0	156.0	310.0	 2
0.423287059054	9.0	144.0	157.0	310.0	 2
0.448076312314	9.0	143.0	158.0	310.0	 2
0.452616355394	9.0	142.0	159.0	310.0	 2
0.45269617713	8.0	143.0	159.0	310.0	 1
0.454545454545	8.0	143.0	159.0	310.0	 0
