# reactions: 2
Time	S	I	R	N	Fired Reaction
0.0	46.0	181.0	83.0	310.0	 0
0.00397772770179	45.0	182.0	83.0	310.0	 1
0.00473277540457	45.0	181.0	84.0	310.0	 2
0.00591379578583	44.0	182.0	84.0	310.0	 1
0.0146867007158	43.0	183.0	84.0	310.0	 1
0.0167499724573	42.0	184.0	84.0	310.0	 1
0.0172703807843	41.0	185.0	84.0	310.0	 1
0.0192356619906	41.0	184.0	85.0	310.0	 2
0.0194138949776	41.0	183.0	86.0	310.0	 2
0.0217807018996	41.0	182.0	87.0	310.0	 2
0.0227555123669	41.0	181.0	88.0	310.0	 2
0.0268548040484	41.0	180.0	89.0	310.0	 2
0.0291788734865	41.0	179.0	90.0	310.0	 2
0.0295751027539	40.0	180.0	90.0	310.0	 1
0.0297005459304	40.0	179.0	91.0	310.0	 2
0.0309936864575	39.0	180.0	91.0	310.0	 1
0.0326794744821	38.0	181.0	91.0	310.0	 1
0.03440396629	37.0	182.0	91.0	310.0	 1
0.0356397029002	36.0	183.0	91.0	310.0	 1
0.0412569713645	36.0	182.0	92.0	310.0	 2
0.0414111105629	36.0	181.0	93.0	310.0	 2
0.0424294090753	36.0	180.0	94.0	310.0	 2
0.0448053376028	36.0	179.0	95.0	310.0	 2
0.0449127963177	36.0	178.0	96.0	310.0	 2
0.0457961298847	36.0	177.0	97.0	310.0	 2
0.0482535577999	36.0	176.0	98.0	310.0	 2
0.0596922203479	36.0	175.0	99.0	310.0	 2
0.0620853902935	36.0	174.0	100.0	310.0	 2
0.0660251279725	35.0	175.0	100.0	310.0	 1
0.0672906187509	35.0	174.0	101.0	310.0	 2
0.0680257145499	35.0	173.0	102.0	310.0	 2
0.0702209918996	35.0	172.0	103.0	310.0	 2
0.0744418606884	34.0	173.0	103.0	310.0	 1
0.075031917618	33.0	174.0	103.0	310.0	 1
0.0761789189826	33.0	173.0	104.0	310.0	 2
0.0800303695951	33.0	172.0	105.0	310.0	 2
0.0831127150381	32.0	173.0	105.0	310.0	 1
0.083218046981	32.0	172.0	106.0	310.0	 2
0.0902912641425	31.0	173.0	106.0	310.0	 1
0.0907160892774	31.0	172.0	107.0	310.0	 2
0.119882074944	31.0	171.0	108.0	310.0	 2
0.121561228899	30.0	172.0	108.0	310.0	 1
0.122271622363	30.0	171.0	109.0	310.0	 2
0.122887896037	30.0	170.0	110.0	310.0	 2
0.125890739438	30.0	169.0	111.0	310.0	 2
0.126525806304	29.0	170.0	111.0	310.0	 1
0.12902242297	29.0	169.0	112.0	310.0	 2
0.129861005225	29.0	168.0	113.0	310.0	 2
0.130787004567	28.0	169.0	113.0	310.0	 1
0.13115699393	28.0	168.0	114.0	310.0	 2
0.136225378967	28.0	167.0	115.0	310.0	 2
0.136257676001	27.0	168.0	115.0	310.0	 1
0.145346112162	26.0	169.0	115.0	310.0	 1
0.157768409629	26.0	168.0	116.0	310.0	 2
0.158444277986	25.0	169.0	116.0	310.0	 1
0.158671625817	25.0	168.0	117.0	310.0	 2
0.159984185129	24.0	169.0	117.0	310.0	 1
0.160548654474	23.0	170.0	117.0	310.0	 1
0.160886805598	22.0	171.0	117.0	310.0	 1
0.163167228646	22.0	170.0	118.0	310.0	 2
0.164698155357	22.0	169.0	119.0	310.0	 2
0.16807011324	22.0	168.0	120.0	310.0	 2
0.168367539867	22.0	167.0	121.0	310.0	 2
0.16908664411	22.0	166.0	122.0	310.0	 2
0.171249705778	21.0	167.0	122.0	310.0	 1
0.173913380064	20.0	168.0	122.0	310.0	 1
0.190316476533	19.0	169.0	122.0	310.0	 1
0.190520045039	19.0	168.0	123.0	310.0	 2
0.191757510018	19.0	167.0	124.0	310.0	 2
0.19457445842	19.0	166.0	125.0	310.0	 2
0.194970300477	18.0	167.0	125.0	310.0	 1
0.19533982235	17.0	168.0	125.0	310.0	 1
0.196153249048	17.0	167.0	126.0	310.0	 2
0.202721448465	17.0	166.0	127.0	310.0	 2
0.207094393899	17.0	165.0	128.0	310.0	 2
0.209237456037	17.0	164.0	129.0	310.0	 2
0.210380396011	17.0	163.0	130.0	310.0	 2
0.21271297709	16.0	164.0	130.0	310.0	 1
0.213186162253	16.0	163.0	131.0	310.0	 2
0.214533695974	16.0	162.0	132.0	310.0	 2
0.217020775396	15.0	163.0	132.0	310.0	 1
0.233153878455	15.0	162.0	133.0	310.0	 2
0.23983482029	15.0	161.0	134.0	310.0	 2
0.24173001396	15.0	160.0	135.0	310.0	 2
0.243374031744	15.0	159.0	136.0	310.0	 2
0.246994481528	14.0	160.0	136.0	310.0	 1
0.24793729215	14.0	159.0	137.0	310.0	 2
0.249035755015	14.0	158.0	138.0	310.0	 2
0.249976721025	13.0	159.0	138.0	310.0	 1
0.26635427408	13.0	158.0	139.0	310.0	 2
0.267822485197	12.0	159.0	139.0	310.0	 1
0.270243360171	12.0	158.0	140.0	310.0	 2
0.27900518146	12.0	157.0	141.0	310.0	 2
0.296512442747	12.0	156.0	142.0	310.0	 2
0.296940637798	12.0	155.0	143.0	310.0	 2
0.300982769875	12.0	154.0	144.0	310.0	 2
0.301259011743	12.0	153.0	145.0	310.0	 2
0.31061609038	12.0	152.0	146.0	310.0	 2
0.311186610944	11.0	153.0	146.0	310.0	 1
0.320554555525	11.0	152.0	147.0	310.0	 2
0.321507046982	11.0	151.0	148.0	310.0	 2
0.328264006903	10.0	152.0	148.0	310.0	 1
0.330430085121	9.0	153.0	148.0	310.0	 1
0.330893072978	9.0	152.0	149.0	310.0	 2
0.332519975057	9.0	151.0	150.0	310.0	 2
0.341922194522	9.0	150.0	151.0	310.0	 2
0.352500850584	9.0	149.0	152.0	310.0	 2
0.361571771939	8.0	150.0	152.0	310.0	 1
0.366288680714	8.0	149.0	153.0	310.0	 2
0.3860324488	8.0	148.0	154.0	310.0	 2
0.390940067967	8.0	147.0	155.0	310.0	 2
0.393557447096	8.0	146.0	156.0	310.0	 2
0.398267139257	8.0	145.0	157.0	310.0	 2
0.398284906444	8.0	144.0	158.0	310.0	 2
0.403524577287	8.0	143.0	159.0	310.0	 2
0.411573380733	8.0	142.0	160.0	310.0	 2
0.422096430887	7.0	143.0	160.0	310.0	 1
0.431766742471	6.0	144.0	160.0	310.0	 1
0.433078277138	6.0	143.0	161.0	310.0	 2
0.438179428135	6.0	142.0	162.0	310.0	 2
0.440770665218	5.0	143.0	162.0	310.0	 1
0.454545454545	5.0	143.0	162.0	310.0	 0
