# reactions: 2
Time	S	I	R	N	Fired Reaction
0.0	46.0	181.0	83.0	310.0	 0
0.000931988980048	46.0	180.0	84.0	310.0	 2
0.00392871456809	45.0	181.0	84.0	310.0	 1
0.0121129804215	44.0	182.0	84.0	310.0	 1
0.0202346982342	44.0	181.0	85.0	310.0	 2
0.0228003229314	43.0	182.0	85.0	310.0	 1
0.0237948813232	43.0	181.0	86.0	310.0	 2
0.0275596946702	43.0	180.0	87.0	310.0	 2
0.0320284581455	42.0	181.0	87.0	310.0	 1
0.0379888763538	41.0	182.0	87.0	310.0	 1
0.0392169922087	41.0	181.0	88.0	310.0	 2
0.0457304964033	41.0	180.0	89.0	310.0	 2
0.0466472552032	41.0	179.0	90.0	310.0	 2
0.0470372634038	40.0	180.0	90.0	310.0	 1
0.0477153966594	39.0	181.0	90.0	310.0	 1
0.0503580922953	38.0	182.0	90.0	310.0	 1
0.0548620656733	37.0	183.0	90.0	310.0	 1
0.0566861368091	37.0	182.0	91.0	310.0	 2
0.0658166628448	36.0	183.0	91.0	310.0	 1
0.0674133071041	36.0	182.0	92.0	310.0	 2
0.0677749012597	36.0	181.0	93.0	310.0	 2
0.0702944860306	36.0	180.0	94.0	310.0	 2
0.0708453155892	35.0	181.0	94.0	310.0	 1
0.0711321852745	35.0	180.0	95.0	310.0	 2
0.0720640426757	35.0	179.0	96.0	310.0	 2
0.0723141290677	35.0	178.0	97.0	310.0	 2
0.072366754036	35.0	177.0	98.0	310.0	 2
0.0741470149364	35.0	176.0	99.0	310.0	 2
0.0781423569368	34.0	177.0	99.0	310.0	 1
0.0803757353912	33.0	178.0	99.0	310.0	 1
0.0821123810769	32.0	179.0	99.0	310.0	 1
0.0899929033996	32.0	178.0	100.0	310.0	 2
0.0919340566567	32.0	177.0	101.0	310.0	 2
0.0973587660837	31.0	178.0	101.0	310.0	 1
0.101827978936	30.0	179.0	101.0	310.0	 1
0.107284038456	29.0	180.0	101.0	310.0	 1
0.108410858454	29.0	179.0	102.0	310.0	 2
0.110706211891	29.0	178.0	103.0	310.0	 2
0.111297063316	29.0	177.0	104.0	310.0	 2
0.114246541895	28.0	178.0	104.0	310.0	 1
0.115753903761	28.0	177.0	105.0	310.0	 2
0.119095286198	27.0	178.0	105.0	310.0	 1
0.121190205574	27.0	177.0	106.0	310.0	 2
0.123275023476	26.0	178.0	106.0	310.0	 1
0.124778066968	26.0	177.0	107.0	310.0	 2
0.125207330333	26.0	176.0	108.0	310.0	 2
0.125693495459	26.0	175.0	109.0	310.0	 2
0.133450212194	26.0	174.0	110.0	310.0	 2
0.134466161626	25.0	175.0	110.0	310.0	 1
0.137413305559	24.0	176.0	110.0	310.0	 1
0.140162505864	23.0	177.0	110.0	310.0	 1
0.140462145145	23.0	176.0	111.0	310.0	 2
0.14259117301	22.0	177.0	111.0	310.0	 1
0.14466897313	22.0	176.0	112.0	310.0	 2
0.147226890468	21.0	177.0	112.0	310.0	 1
0.148240656749	20.0	178.0	112.0	310.0	 1
0.154662026795	20.0	177.0	113.0	310.0	 2
0.157614021124	19.0	178.0	113.0	310.0	 1
0.158406805577	18.0	179.0	113.0	310.0	 1
0.158800691943	18.0	178.0	114.0	310.0	 2
0.16649670102	18.0	177.0	115.0	310.0	 2
0.16794920426	18.0	176.0	116.0	310.0	 2
0.169343173602	18.0	175.0	117.0	310.0	 2
0.170576987721	17.0	176.0	117.0	310.0	 1
0.171709198049	17.0	175.0	118.0	310.0	 2
0.17325153304	17.0	174.0	119.0	310.0	 2
0.177125297962	17.0	173.0	120.0	310.0	 2
0.182332614031	16.0	174.0	120.0	310.0	 1
0.19623899644	15.0	175.0	120.0	310.0	 1
0.196829173951	14.0	176.0	120.0	310.0	 1
0.200707038842	13.0	177.0	120.0	310.0	 1
0.203974476181	12.0	178.0	120.0	310.0	 1
0.207425052556	11.0	179.0	120.0	310.0	 1
0.213165448971	10.0	180.0	120.0	310.0	 1
0.213971915192	10.0	179.0	121.0	310.0	 2
0.214405743768	10.0	178.0	122.0	310.0	 2
0.22557783601	10.0	177.0	123.0	310.0	 2
0.229215956032	10.0	176.0	124.0	310.0	 2
0.234473725654	10.0	175.0	125.0	310.0	 2
0.238847903812	10.0	174.0	126.0	310.0	 2
0.241954681685	9.0	175.0	126.0	310.0	 1
0.245879150198	9.0	174.0	127.0	310.0	 2
0.250125430583	9.0	173.0	128.0	310.0	 2
0.268345200196	8.0	174.0	128.0	310.0	 1
0.27880304649	7.0	175.0	128.0	310.0	 1
0.280448139839	7.0	174.0	129.0	310.0	 2
0.28077341882	7.0	173.0	130.0	310.0	 2
0.285953727693	7.0	172.0	131.0	310.0	 2
0.293047126302	7.0	171.0	132.0	310.0	 2
0.302919966632	6.0	172.0	132.0	310.0	 1
0.320471873163	5.0	173.0	132.0	310.0	 1
0.324862986933	5.0	172.0	133.0	310.0	 2
0.330575360463	5.0	171.0	134.0	310.0	 2
0.333960062909	4.0	172.0	134.0	310.0	 1
0.346892695095	4.0	171.0	135.0	310.0	 2
0.347837549493	4.0	170.0	136.0	310.0	 2
0.35101014568	4.0	169.0	137.0	310.0	 2
0.3526056959	4.0	168.0	138.0	310.0	 2
0.361769104854	4.0	167.0	139.0	310.0	 2
0.363994598001	4.0	166.0	140.0	310.0	 2
0.369568685561	4.0	165.0	141.0	310.0	 2
0.379947034607	3.0	166.0	141.0	310.0	 1
0.38897870942	2.0	167.0	141.0	310.0	 1
0.39814900602	2.0	166.0	142.0	310.0	 2
0.400109977582	2.0	165.0	143.0	310.0	 2
0.406714128556	2.0	164.0	144.0	310.0	 2
0.408136930991	2.0	163.0	145.0	310.0	 2
0.410545531535	2.0	162.0	146.0	310.0	 2
0.415406469591	2.0	161.0	147.0	310.0	 2
0.418913481635	2.0	160.0	148.0	310.0	 2
0.42900881048	2.0	159.0	149.0	310.0	 2
0.429999852897	2.0	158.0	150.0	310.0	 2
0.437792005919	2.0	157.0	151.0	310.0	 2
0.44572817017	2.0	156.0	152.0	310.0	 2
0.446819991228	1.0	157.0	152.0	310.0	 1
0.447556741107	1.0	156.0	153.0	310.0	 2
0.448340625251	1.0	155.0	154.0	310.0	 2
0.454545454545	1.0	155.0	154.0	310.0	 0
