# reactions: 2
Time	S	I	R	N	Fired Reaction
0.0	46.0	181.0	83.0	310.0	 0
7.13072244284e-06	46.0	180.0	84.0	310.0	 2
0.000912375512732	46.0	179.0	85.0	310.0	 2
0.00109927785136	46.0	178.0	86.0	310.0	 2
0.00380461984712	46.0	177.0	87.0	310.0	 2
0.0100270284868	46.0	176.0	88.0	310.0	 2
0.0103005980342	45.0	177.0	88.0	310.0	 1
0.0126798145694	45.0	176.0	89.0	310.0	 2
0.0202101148683	44.0	177.0	89.0	310.0	 1
0.0206037905503	44.0	176.0	90.0	310.0	 2
0.0210540775963	44.0	175.0	91.0	310.0	 2
0.021229484463	43.0	176.0	91.0	310.0	 1
0.0226978463158	43.0	175.0	92.0	310.0	 2
0.0228176628575	42.0	176.0	92.0	310.0	 1
0.023653662993	42.0	175.0	93.0	310.0	 2
0.0319718866252	42.0	174.0	94.0	310.0	 2
0.0321093634038	41.0	175.0	94.0	310.0	 1
0.0331143534262	41.0	174.0	95.0	310.0	 2
0.0377748861454	41.0	173.0	96.0	310.0	 2
0.0391134124133	40.0	174.0	96.0	310.0	 1
0.0442501633788	40.0	173.0	97.0	310.0	 2
0.0456312230131	40.0	172.0	98.0	310.0	 2
0.0467927392779	39.0	173.0	98.0	310.0	 1
0.0469054804079	38.0	174.0	98.0	310.0	 1
0.0469294371817	37.0	175.0	98.0	310.0	 1
0.0503255679983	36.0	176.0	98.0	310.0	 1
0.0507743853307	36.0	175.0	99.0	310.0	 2
0.0583447346764	36.0	174.0	100.0	310.0	 2
0.0609811165139	35.0	175.0	100.0	310.0	 1
0.0634539874799	35.0	174.0	101.0	310.0	 2
0.0682752422835	35.0	173.0	102.0	310.0	 2
0.069414671225	35.0	172.0	103.0	310.0	 2
0.0701672578242	34.0	173.0	103.0	310.0	 1
0.0706074280693	33.0	174.0	103.0	310.0	 1
0.0763037108023	32.0	175.0	103.0	310.0	 1
0.0801463080324	31.0	176.0	103.0	310.0	 1
0.100648143361	31.0	175.0	104.0	310.0	 2
0.102016248828	30.0	176.0	104.0	310.0	 1
0.102899978323	30.0	175.0	105.0	310.0	 2
0.109828082482	29.0	176.0	105.0	310.0	 1
0.117348615899	29.0	175.0	106.0	310.0	 2
0.120625218254	28.0	176.0	106.0	310.0	 1
0.127403742786	27.0	177.0	106.0	310.0	 1
0.137558753947	27.0	176.0	107.0	310.0	 2
0.140894677195	26.0	177.0	107.0	310.0	 1
0.142496832723	25.0	178.0	107.0	310.0	 1
0.14527572599	24.0	179.0	107.0	310.0	 1
0.146765214997	23.0	180.0	107.0	310.0	 1
0.155144089675	23.0	179.0	108.0	310.0	 2
0.158286983891	23.0	178.0	109.0	310.0	 2
0.159459558767	23.0	177.0	110.0	310.0	 2
0.162948314461	23.0	176.0	111.0	310.0	 2
0.166370703819	22.0	177.0	111.0	310.0	 1
0.174447587933	21.0	178.0	111.0	310.0	 1
0.176282157838	21.0	177.0	112.0	310.0	 2
0.184957894248	21.0	176.0	113.0	310.0	 2
0.189219883704	20.0	177.0	113.0	310.0	 1
0.191914848201	20.0	176.0	114.0	310.0	 2
0.193011764527	20.0	175.0	115.0	310.0	 2
0.194836217527	19.0	176.0	115.0	310.0	 1
0.205799128263	19.0	175.0	116.0	310.0	 2
0.208433271453	19.0	174.0	117.0	310.0	 2
0.209200259699	18.0	175.0	117.0	310.0	 1
0.211925951029	17.0	176.0	117.0	310.0	 1
0.216144391182	17.0	175.0	118.0	310.0	 2
0.21814420459	17.0	174.0	119.0	310.0	 2
0.220754168895	17.0	173.0	120.0	310.0	 2
0.221279799411	17.0	172.0	121.0	310.0	 2
0.22774855818	16.0	173.0	121.0	310.0	 1
0.230324383938	16.0	172.0	122.0	310.0	 2
0.234836037024	15.0	173.0	122.0	310.0	 1
0.235275881047	14.0	174.0	122.0	310.0	 1
0.245661539682	14.0	173.0	123.0	310.0	 2
0.247683292783	13.0	174.0	123.0	310.0	 1
0.249200225056	13.0	173.0	124.0	310.0	 2
0.25861399212	13.0	172.0	125.0	310.0	 2
0.262624819818	12.0	173.0	125.0	310.0	 1
0.264448339647	12.0	172.0	126.0	310.0	 2
0.27196068271	12.0	171.0	127.0	310.0	 2
0.278506457485	12.0	170.0	128.0	310.0	 2
0.285541246727	12.0	169.0	129.0	310.0	 2
0.292140856355	12.0	168.0	130.0	310.0	 2
0.297491342689	12.0	167.0	131.0	310.0	 2
0.297616985582	12.0	166.0	132.0	310.0	 2
0.301559119244	12.0	165.0	133.0	310.0	 2
0.302274770893	12.0	164.0	134.0	310.0	 2
0.30265622268	12.0	163.0	135.0	310.0	 2
0.303406622678	12.0	162.0	136.0	310.0	 2
0.303618188423	12.0	161.0	137.0	310.0	 2
0.303870770002	12.0	160.0	138.0	310.0	 2
0.323615662641	12.0	159.0	139.0	310.0	 2
0.325633471334	12.0	158.0	140.0	310.0	 2
0.330787877792	12.0	157.0	141.0	310.0	 2
0.330956843772	12.0	156.0	142.0	310.0	 2
0.336668872456	12.0	155.0	143.0	310.0	 2
0.33922353839	12.0	154.0	144.0	310.0	 2
0.343872878853	12.0	153.0	145.0	310.0	 2
0.347134280205	12.0	152.0	146.0	310.0	 2
0.348757225655	12.0	151.0	147.0	310.0	 2
0.350488566351	11.0	152.0	147.0	310.0	 1
0.351693047593	11.0	151.0	148.0	310.0	 2
0.353091333088	10.0	152.0	148.0	310.0	 1
0.359296821394	10.0	151.0	149.0	310.0	 2
0.360753281753	10.0	150.0	150.0	310.0	 2
0.368581417256	10.0	149.0	151.0	310.0	 2
0.394874194419	10.0	148.0	152.0	310.0	 2
0.397130945808	10.0	147.0	153.0	310.0	 2
0.409719420744	10.0	146.0	154.0	310.0	 2
0.411193981387	10.0	145.0	155.0	310.0	 2
0.417853389406	10.0	144.0	156.0	310.0	 2
0.421588731739	9.0	145.0	156.0	310.0	 1
0.421700465481	8.0	146.0	156.0	310.0	 1
0.428435971965	8.0	145.0	157.0	310.0	 2
0.434895146195	8.0	144.0	158.0	310.0	 2
0.436495048176	8.0	143.0	159.0	310.0	 2
0.437439914568	8.0	142.0	160.0	310.0	 2
0.447733076665	8.0	141.0	161.0	310.0	 2
0.454545454545	8.0	141.0	161.0	310.0	 0
