# reactions: 2
Time	S	I	R	N	Fired Reaction
0.0	46.0	181.0	83.0	310.0	 0
0.00110927604657	46.0	180.0	84.0	310.0	 2
0.00335686244419	45.0	181.0	84.0	310.0	 1
0.00558943282699	45.0	180.0	85.0	310.0	 2
0.00595026755358	45.0	179.0	86.0	310.0	 2
0.00958198263916	44.0	180.0	86.0	310.0	 1
0.0115928006387	44.0	179.0	87.0	310.0	 2
0.012805314527	44.0	178.0	88.0	310.0	 2
0.0138946562033	43.0	179.0	88.0	310.0	 1
0.0155587473785	42.0	180.0	88.0	310.0	 1
0.0178404390754	41.0	181.0	88.0	310.0	 1
0.0231560217554	41.0	180.0	89.0	310.0	 2
0.0232557324034	41.0	179.0	90.0	310.0	 2
0.0233266280875	41.0	178.0	91.0	310.0	 2
0.0283215227025	41.0	177.0	92.0	310.0	 2
0.0318915685094	40.0	178.0	92.0	310.0	 1
0.0355325787482	39.0	179.0	92.0	310.0	 1
0.0385830964926	38.0	180.0	92.0	310.0	 1
0.0406248186293	37.0	181.0	92.0	310.0	 1
0.0416821235065	36.0	182.0	92.0	310.0	 1
0.043696318108	36.0	181.0	93.0	310.0	 2
0.0441421499095	36.0	180.0	94.0	310.0	 2
0.044180580356	36.0	179.0	95.0	310.0	 2
0.0511870975155	35.0	180.0	95.0	310.0	 1
0.0531005533137	34.0	181.0	95.0	310.0	 1
0.0597069057782	34.0	180.0	96.0	310.0	 2
0.0608220909363	34.0	179.0	97.0	310.0	 2
0.0683582340023	34.0	178.0	98.0	310.0	 2
0.0684304164602	34.0	177.0	99.0	310.0	 2
0.0723312373479	34.0	176.0	100.0	310.0	 2
0.075402555986	34.0	175.0	101.0	310.0	 2
0.0776364016176	33.0	176.0	101.0	310.0	 1
0.0832944976885	33.0	175.0	102.0	310.0	 2
0.0843023924486	32.0	176.0	102.0	310.0	 1
0.0844159297298	32.0	175.0	103.0	310.0	 2
0.085490958672	31.0	176.0	103.0	310.0	 1
0.091041404337	30.0	177.0	103.0	310.0	 1
0.0912564718716	30.0	176.0	104.0	310.0	 2
0.094258337875	29.0	177.0	104.0	310.0	 1
0.0961201814899	28.0	178.0	104.0	310.0	 1
0.0981570672586	27.0	179.0	104.0	310.0	 1
0.107234075936	26.0	180.0	104.0	310.0	 1
0.107454901817	25.0	181.0	104.0	310.0	 1
0.107577230061	25.0	180.0	105.0	310.0	 2
0.108678168759	25.0	179.0	106.0	310.0	 2
0.113434333321	25.0	178.0	107.0	310.0	 2
0.113725353273	24.0	179.0	107.0	310.0	 1
0.114663197024	23.0	180.0	107.0	310.0	 1
0.119712508907	22.0	181.0	107.0	310.0	 1
0.121581540236	22.0	180.0	108.0	310.0	 2
0.121676920438	21.0	181.0	108.0	310.0	 1
0.122870870388	21.0	180.0	109.0	310.0	 2
0.126177759035	21.0	179.0	110.0	310.0	 2
0.128583218413	21.0	178.0	111.0	310.0	 2
0.137259881587	20.0	179.0	111.0	310.0	 1
0.13938623338	20.0	178.0	112.0	310.0	 2
0.140003634782	20.0	177.0	113.0	310.0	 2
0.140134190967	20.0	176.0	114.0	310.0	 2
0.145115132617	19.0	177.0	114.0	310.0	 1
0.14638914499	19.0	176.0	115.0	310.0	 2
0.148107238031	19.0	175.0	116.0	310.0	 2
0.148514101059	18.0	176.0	116.0	310.0	 1
0.16394433845	18.0	175.0	117.0	310.0	 2
0.167835693949	18.0	174.0	118.0	310.0	 2
0.173507871008	18.0	173.0	119.0	310.0	 2
0.1937432989	17.0	174.0	119.0	310.0	 1
0.198937629173	16.0	175.0	119.0	310.0	 1
0.202788840188	15.0	176.0	119.0	310.0	 1
0.206178949777	14.0	177.0	119.0	310.0	 1
0.216556906948	13.0	178.0	119.0	310.0	 1
0.216996535981	13.0	177.0	120.0	310.0	 2
0.218713386181	12.0	178.0	120.0	310.0	 1
0.218843482353	12.0	177.0	121.0	310.0	 2
0.227981797736	11.0	178.0	121.0	310.0	 1
0.23369467799	11.0	177.0	122.0	310.0	 2
0.255875659786	11.0	176.0	123.0	310.0	 2
0.261954559544	11.0	175.0	124.0	310.0	 2
0.263193507194	11.0	174.0	125.0	310.0	 2
0.266299672358	11.0	173.0	126.0	310.0	 2
0.288722526175	10.0	174.0	126.0	310.0	 1
0.288787180252	10.0	173.0	127.0	310.0	 2
0.296028138257	10.0	172.0	128.0	310.0	 2
0.297733936697	10.0	171.0	129.0	310.0	 2
0.298062606272	10.0	170.0	130.0	310.0	 2
0.307728804212	10.0	169.0	131.0	310.0	 2
0.311127784052	9.0	170.0	131.0	310.0	 1
0.32512377776	9.0	169.0	132.0	310.0	 2
0.326754982717	9.0	168.0	133.0	310.0	 2
0.3326324822	9.0	167.0	134.0	310.0	 2
0.343057549117	8.0	168.0	134.0	310.0	 1
0.346522413383	8.0	167.0	135.0	310.0	 2
0.347099798491	8.0	166.0	136.0	310.0	 2
0.349899392995	8.0	165.0	137.0	310.0	 2
0.349954388147	8.0	164.0	138.0	310.0	 2
0.352966284582	8.0	163.0	139.0	310.0	 2
0.353010612936	8.0	162.0	140.0	310.0	 2
0.360096836262	8.0	161.0	141.0	310.0	 2
0.360695064701	8.0	160.0	142.0	310.0	 2
0.364829265517	8.0	159.0	143.0	310.0	 2
0.377647843739	8.0	158.0	144.0	310.0	 2
0.377969684507	7.0	159.0	144.0	310.0	 1
0.379406294397	7.0	158.0	145.0	310.0	 2
0.380987204316	7.0	157.0	146.0	310.0	 2
0.397718333317	7.0	156.0	147.0	310.0	 2
0.406843918604	7.0	155.0	148.0	310.0	 2
0.407854760076	7.0	154.0	149.0	310.0	 2
0.411100973458	7.0	153.0	150.0	310.0	 2
0.41135704058	7.0	152.0	151.0	310.0	 2
0.411580588661	7.0	151.0	152.0	310.0	 2
0.413390328149	7.0	150.0	153.0	310.0	 2
0.413603733868	7.0	149.0	154.0	310.0	 2
0.418344526731	7.0	148.0	155.0	310.0	 2
0.420293078121	7.0	147.0	156.0	310.0	 2
0.420666076999	7.0	146.0	157.0	310.0	 2
0.421216453184	6.0	147.0	157.0	310.0	 1
0.424367871666	6.0	146.0	158.0	310.0	 2
0.428755825053	6.0	145.0	159.0	310.0	 2
0.431671040767	6.0	144.0	160.0	310.0	 2
0.434206475144	5.0	145.0	160.0	310.0	 1
0.437820591074	5.0	144.0	161.0	310.0	 2
0.438589287141	5.0	143.0	162.0	310.0	 2
0.44189921904	4.0	144.0	162.0	310.0	 1
0.449862897585	4.0	143.0	163.0	310.0	 2
0.449895062755	4.0	142.0	164.0	310.0	 2
0.451777018789	4.0	141.0	165.0	310.0	 2
0.453567419676	4.0	140.0	166.0	310.0	 2
0.454545454545	4.0	140.0	166.0	310.0	 0
