# reactions: 2
Time	S	I	R	N	Fired Reaction
0.0	46.0	181.0	83.0	310.0	 0
0.0026950217772	45.0	182.0	83.0	310.0	 1
0.00747728995905	44.0	183.0	83.0	310.0	 1
0.0110559299353	43.0	184.0	83.0	310.0	 1
0.0168486512716	42.0	185.0	83.0	310.0	 1
0.0204258446484	42.0	184.0	84.0	310.0	 2
0.0204403772526	42.0	183.0	85.0	310.0	 2
0.0230140560046	41.0	184.0	85.0	310.0	 1
0.0259136522323	41.0	183.0	86.0	310.0	 2
0.0275644085463	40.0	184.0	86.0	310.0	 1
0.0295450302267	39.0	185.0	86.0	310.0	 1
0.0304470111796	38.0	186.0	86.0	310.0	 1
0.031836507361	38.0	185.0	87.0	310.0	 2
0.0324533331447	38.0	184.0	88.0	310.0	 2
0.0396810550809	38.0	183.0	89.0	310.0	 2
0.0469568604216	37.0	184.0	89.0	310.0	 1
0.0504503029762	36.0	185.0	89.0	310.0	 1
0.060066997918	36.0	184.0	90.0	310.0	 2
0.0745391539736	35.0	185.0	90.0	310.0	 1
0.0760309443421	35.0	184.0	91.0	310.0	 2
0.0762199090809	35.0	183.0	92.0	310.0	 2
0.076908470632	34.0	184.0	92.0	310.0	 1
0.0821103886703	33.0	185.0	92.0	310.0	 1
0.0821503182043	33.0	184.0	93.0	310.0	 2
0.0847655481883	33.0	183.0	94.0	310.0	 2
0.084886716504	33.0	182.0	95.0	310.0	 2
0.087539649156	33.0	181.0	96.0	310.0	 2
0.0891800948757	32.0	182.0	96.0	310.0	 1
0.0898704807231	32.0	181.0	97.0	310.0	 2
0.0945660869324	31.0	182.0	97.0	310.0	 1
0.09540703857	30.0	183.0	97.0	310.0	 1
0.0958430907236	29.0	184.0	97.0	310.0	 1
0.096254722586	28.0	185.0	97.0	310.0	 1
0.105830383183	27.0	186.0	97.0	310.0	 1
0.109692912202	27.0	185.0	98.0	310.0	 2
0.113935066717	26.0	186.0	98.0	310.0	 1
0.114314015398	25.0	187.0	98.0	310.0	 1
0.115112772719	25.0	186.0	99.0	310.0	 2
0.115190738727	24.0	187.0	99.0	310.0	 1
0.116027870009	23.0	188.0	99.0	310.0	 1
0.131972105527	23.0	187.0	100.0	310.0	 2
0.135673861475	22.0	188.0	100.0	310.0	 1
0.136466458692	21.0	189.0	100.0	310.0	 1
0.141244790182	21.0	188.0	101.0	310.0	 2
0.146665212439	21.0	187.0	102.0	310.0	 2
0.154461522211	20.0	188.0	102.0	310.0	 1
0.15876445697	20.0	187.0	103.0	310.0	 2
0.161132805407	20.0	186.0	104.0	310.0	 2
0.161197003524	20.0	185.0	105.0	310.0	 2
0.161589559697	19.0	186.0	105.0	310.0	 1
0.16290364616	19.0	185.0	106.0	310.0	 2
0.16365501472	19.0	184.0	107.0	310.0	 2
0.16860156171	18.0	185.0	107.0	310.0	 1
0.174906698566	18.0	184.0	108.0	310.0	 2
0.179892601954	18.0	183.0	109.0	310.0	 2
0.183806819712	17.0	184.0	109.0	310.0	 1
0.187377517373	17.0	183.0	110.0	310.0	 2
0.188776583142	17.0	182.0	111.0	310.0	 2
0.189085564425	16.0	183.0	111.0	310.0	 1
0.189174149141	16.0	182.0	112.0	310.0	 2
0.191266420396	15.0	183.0	112.0	310.0	 1
0.193899694234	14.0	184.0	112.0	310.0	 1
0.199147048877	14.0	183.0	113.0	310.0	 2
0.203244266783	14.0	182.0	114.0	310.0	 2
0.210839699854	14.0	181.0	115.0	310.0	 2
0.222237740085	14.0	180.0	116.0	310.0	 2
0.234132671323	14.0	179.0	117.0	310.0	 2
0.240648104323	14.0	178.0	118.0	310.0	 2
0.244430305164	13.0	179.0	118.0	310.0	 1
0.24570102522	13.0	178.0	119.0	310.0	 2
0.248077763138	13.0	177.0	120.0	310.0	 2
0.266588187831	13.0	176.0	121.0	310.0	 2
0.277291995117	13.0	175.0	122.0	310.0	 2
0.278421915678	13.0	174.0	123.0	310.0	 2
0.279548233946	13.0	173.0	124.0	310.0	 2
0.280505572628	13.0	172.0	125.0	310.0	 2
0.281472043117	13.0	171.0	126.0	310.0	 2
0.29320252128	13.0	170.0	127.0	310.0	 2
0.30317061141	13.0	169.0	128.0	310.0	 2
0.305251736508	13.0	168.0	129.0	310.0	 2
0.307347029965	12.0	169.0	129.0	310.0	 1
0.309420135791	12.0	168.0	130.0	310.0	 2
0.313145508489	11.0	169.0	130.0	310.0	 1
0.328764698653	11.0	168.0	131.0	310.0	 2
0.33064667774	11.0	167.0	132.0	310.0	 2
0.332366373699	10.0	168.0	132.0	310.0	 1
0.33575960314	9.0	169.0	132.0	310.0	 1
0.34065853272	9.0	168.0	133.0	310.0	 2
0.36802765401	9.0	167.0	134.0	310.0	 2
0.369631231304	9.0	166.0	135.0	310.0	 2
0.372269739388	8.0	167.0	135.0	310.0	 1
0.373929632359	8.0	166.0	136.0	310.0	 2
0.374613378582	7.0	167.0	136.0	310.0	 1
0.378076110982	7.0	166.0	137.0	310.0	 2
0.385939744586	7.0	165.0	138.0	310.0	 2
0.390146728151	7.0	164.0	139.0	310.0	 2
0.395465331436	7.0	163.0	140.0	310.0	 2
0.414596787141	7.0	162.0	141.0	310.0	 2
0.415172283291	7.0	161.0	142.0	310.0	 2
0.415879849252	7.0	160.0	143.0	310.0	 2
0.418056360243	7.0	159.0	144.0	310.0	 2
0.4190363834	6.0	160.0	144.0	310.0	 1
0.426112807766	6.0	159.0	145.0	310.0	 2
0.429907279103	5.0	160.0	145.0	310.0	 1
0.43142474624	5.0	159.0	146.0	310.0	 2
0.439392864723	5.0	158.0	147.0	310.0	 2
0.445201297261	5.0	157.0	148.0	310.0	 2
0.454545454545	5.0	157.0	148.0	310.0	 0
