# reactions: 2
Time	S	I	R	N	Fired Reaction
0.0	46.0	181.0	83.0	310.0	 0
0.00139853057214	45.0	182.0	83.0	310.0	 1
0.00290260781512	44.0	183.0	83.0	310.0	 1
0.0106316466222	44.0	182.0	84.0	310.0	 2
0.0112725341306	43.0	183.0	84.0	310.0	 1
0.0129180595141	42.0	184.0	84.0	310.0	 1
0.0160648962684	42.0	183.0	85.0	310.0	 2
0.0161849551073	41.0	184.0	85.0	310.0	 1
0.0231641207305	41.0	183.0	86.0	310.0	 2
0.025874748702	40.0	184.0	86.0	310.0	 1
0.0273130713598	39.0	185.0	86.0	310.0	 1
0.0301146862031	38.0	186.0	86.0	310.0	 1
0.0317328275507	38.0	185.0	87.0	310.0	 2
0.0371703000404	37.0	186.0	87.0	310.0	 1
0.0411287880658	36.0	187.0	87.0	310.0	 1
0.0465084794675	36.0	186.0	88.0	310.0	 2
0.0465453361234	35.0	187.0	88.0	310.0	 1
0.0494747467044	35.0	186.0	89.0	310.0	 2
0.050561452723	34.0	187.0	89.0	310.0	 1
0.0519699428154	33.0	188.0	89.0	310.0	 1
0.0554432658675	33.0	187.0	90.0	310.0	 2
0.0561122703371	32.0	188.0	90.0	310.0	 1
0.0610748649811	32.0	187.0	91.0	310.0	 2
0.0618282155407	31.0	188.0	91.0	310.0	 1
0.0664280809604	31.0	187.0	92.0	310.0	 2
0.0664700470746	30.0	188.0	92.0	310.0	 1
0.0705674304431	30.0	187.0	93.0	310.0	 2
0.078989044883	29.0	188.0	93.0	310.0	 1
0.0854537001873	29.0	187.0	94.0	310.0	 2
0.0861751898066	28.0	188.0	94.0	310.0	 1
0.0920009758121	28.0	187.0	95.0	310.0	 2
0.0928895840591	28.0	186.0	96.0	310.0	 2
0.0955220078269	27.0	187.0	96.0	310.0	 1
0.098176556293	26.0	188.0	96.0	310.0	 1
0.116218561145	25.0	189.0	96.0	310.0	 1
0.117433508129	25.0	188.0	97.0	310.0	 2
0.121059341732	25.0	187.0	98.0	310.0	 2
0.121302040696	24.0	188.0	98.0	310.0	 1
0.124996666185	24.0	187.0	99.0	310.0	 2
0.127692314562	24.0	186.0	100.0	310.0	 2
0.128287057316	24.0	185.0	101.0	310.0	 2
0.129753373965	23.0	186.0	101.0	310.0	 1
0.13558057789	23.0	185.0	102.0	310.0	 2
0.138030852396	23.0	184.0	103.0	310.0	 2
0.141340912042	23.0	183.0	104.0	310.0	 2
0.146749334205	22.0	184.0	104.0	310.0	 1
0.148736699751	22.0	183.0	105.0	310.0	 2
0.14926561849	22.0	182.0	106.0	310.0	 2
0.152202491415	22.0	181.0	107.0	310.0	 2
0.152549733743	22.0	180.0	108.0	310.0	 2
0.16395066767	22.0	179.0	109.0	310.0	 2
0.167361970129	21.0	180.0	109.0	310.0	 1
0.174763026497	21.0	179.0	110.0	310.0	 2
0.176290312719	21.0	178.0	111.0	310.0	 2
0.178227911086	21.0	177.0	112.0	310.0	 2
0.179458256232	21.0	176.0	113.0	310.0	 2
0.179590091622	21.0	175.0	114.0	310.0	 2
0.181081435034	21.0	174.0	115.0	310.0	 2
0.197725214713	21.0	173.0	116.0	310.0	 2
0.198298835706	20.0	174.0	116.0	310.0	 1
0.198633013563	19.0	175.0	116.0	310.0	 1
0.206521657501	18.0	176.0	116.0	310.0	 1
0.207659535854	17.0	177.0	116.0	310.0	 1
0.209126605989	16.0	178.0	116.0	310.0	 1
0.214310334458	15.0	179.0	116.0	310.0	 1
0.216454382211	15.0	178.0	117.0	310.0	 2
0.21885630878	14.0	179.0	117.0	310.0	 1
0.219087381846	14.0	178.0	118.0	310.0	 2
0.224384296667	14.0	177.0	119.0	310.0	 2
0.226859860936	13.0	178.0	119.0	310.0	 1
0.227300697832	13.0	177.0	120.0	310.0	 2
0.228672089869	13.0	176.0	121.0	310.0	 2
0.236875625019	13.0	175.0	122.0	310.0	 2
0.239953980052	13.0	174.0	123.0	310.0	 2
0.254989677109	13.0	173.0	124.0	310.0	 2
0.262838869861	13.0	172.0	125.0	310.0	 2
0.270101888907	13.0	171.0	126.0	310.0	 2
0.272841693205	13.0	170.0	127.0	310.0	 2
0.274014927896	13.0	169.0	128.0	310.0	 2
0.278736138195	13.0	168.0	129.0	310.0	 2
0.283887439086	13.0	167.0	130.0	310.0	 2
0.29741739833	13.0	166.0	131.0	310.0	 2
0.30209708693	13.0	165.0	132.0	310.0	 2
0.30243728079	13.0	164.0	133.0	310.0	 2
0.302617225407	13.0	163.0	134.0	310.0	 2
0.308648652551	13.0	162.0	135.0	310.0	 2
0.311550063497	12.0	163.0	135.0	310.0	 1
0.311756450446	12.0	162.0	136.0	310.0	 2
0.312491753163	12.0	161.0	137.0	310.0	 2
0.321292763823	11.0	162.0	137.0	310.0	 1
0.322962999034	11.0	161.0	138.0	310.0	 2
0.326327419502	11.0	160.0	139.0	310.0	 2
0.331227956373	11.0	159.0	140.0	310.0	 2
0.339469933957	11.0	158.0	141.0	310.0	 2
0.349474797097	11.0	157.0	142.0	310.0	 2
0.351926872428	11.0	156.0	143.0	310.0	 2
0.361849877189	11.0	155.0	144.0	310.0	 2
0.371603126678	11.0	154.0	145.0	310.0	 2
0.378880302948	11.0	153.0	146.0	310.0	 2
0.38500309786	11.0	152.0	147.0	310.0	 2
0.387922562321	11.0	151.0	148.0	310.0	 2
0.389055823776	11.0	150.0	149.0	310.0	 2
0.395470713543	11.0	149.0	150.0	310.0	 2
0.401994825024	10.0	150.0	150.0	310.0	 1
0.406370884965	9.0	151.0	150.0	310.0	 1
0.40922160976	9.0	150.0	151.0	310.0	 2
0.410810448517	9.0	149.0	152.0	310.0	 2
0.416403201353	9.0	148.0	153.0	310.0	 2
0.420259024626	9.0	147.0	154.0	310.0	 2
0.428583839147	8.0	148.0	154.0	310.0	 1
0.429363157248	8.0	147.0	155.0	310.0	 2
0.431082050573	7.0	148.0	155.0	310.0	 1
0.43821892501	7.0	147.0	156.0	310.0	 2
0.454545454545	7.0	147.0	156.0	310.0	 0
