# reactions: 2
Time	S	I	R	N	Fired Reaction
0.0	46.0	181.0	83.0	310.0	 0
0.00496948852781	46.0	180.0	84.0	310.0	 2
0.00517312081325	45.0	181.0	84.0	310.0	 1
0.00967718698755	45.0	180.0	85.0	310.0	 2
0.0127814471488	44.0	181.0	85.0	310.0	 1
0.0154253107143	43.0	182.0	85.0	310.0	 1
0.0175366121336	42.0	183.0	85.0	310.0	 1
0.0184109202772	41.0	184.0	85.0	310.0	 1
0.0184600824308	41.0	183.0	86.0	310.0	 2
0.0189203342101	41.0	182.0	87.0	310.0	 2
0.0233681969941	40.0	183.0	87.0	310.0	 1
0.0238365429041	40.0	182.0	88.0	310.0	 2
0.0239595237588	39.0	183.0	88.0	310.0	 1
0.0278614416499	38.0	184.0	88.0	310.0	 1
0.0293320569001	38.0	183.0	89.0	310.0	 2
0.0294047293195	38.0	182.0	90.0	310.0	 2
0.0307437540626	37.0	183.0	90.0	310.0	 1
0.0309735181037	36.0	184.0	90.0	310.0	 1
0.0425588427871	35.0	185.0	90.0	310.0	 1
0.0433304775131	35.0	184.0	91.0	310.0	 2
0.0458824908676	35.0	183.0	92.0	310.0	 2
0.0486124176066	34.0	184.0	92.0	310.0	 1
0.0488140830058	33.0	185.0	92.0	310.0	 1
0.0502231715356	33.0	184.0	93.0	310.0	 2
0.0514184185245	33.0	183.0	94.0	310.0	 2
0.0516269956793	32.0	184.0	94.0	310.0	 1
0.0564438052181	31.0	185.0	94.0	310.0	 1
0.0589663501081	31.0	184.0	95.0	310.0	 2
0.0608121802159	31.0	183.0	96.0	310.0	 2
0.069968812958	31.0	182.0	97.0	310.0	 2
0.0719050398772	31.0	181.0	98.0	310.0	 2
0.0800569311816	30.0	182.0	98.0	310.0	 1
0.0811028661121	30.0	181.0	99.0	310.0	 2
0.082893159206	30.0	180.0	100.0	310.0	 2
0.0864097684002	29.0	181.0	100.0	310.0	 1
0.0876588929619	29.0	180.0	101.0	310.0	 2
0.0890613756005	28.0	181.0	101.0	310.0	 1
0.0891243142554	28.0	180.0	102.0	310.0	 2
0.0938415216694	27.0	181.0	102.0	310.0	 1
0.0973367437517	26.0	182.0	102.0	310.0	 1
0.103127022118	25.0	183.0	102.0	310.0	 1
0.105815505635	25.0	182.0	103.0	310.0	 2
0.108425202907	25.0	181.0	104.0	310.0	 2
0.108487772473	25.0	180.0	105.0	310.0	 2
0.108802405736	24.0	181.0	105.0	310.0	 1
0.114609937044	24.0	180.0	106.0	310.0	 2
0.115857514093	23.0	181.0	106.0	310.0	 1
0.118024628919	23.0	180.0	107.0	310.0	 2
0.122840795808	22.0	181.0	107.0	310.0	 1
0.132017876355	21.0	182.0	107.0	310.0	 1
0.135376622956	20.0	183.0	107.0	310.0	 1
0.13830448087	20.0	182.0	108.0	310.0	 2
0.148820589851	19.0	183.0	108.0	310.0	 1
0.151881749097	18.0	184.0	108.0	310.0	 1
0.152292741193	18.0	183.0	109.0	310.0	 2
0.155694568188	18.0	182.0	110.0	310.0	 2
0.17033105507	18.0	181.0	111.0	310.0	 2
0.174112842555	18.0	180.0	112.0	310.0	 2
0.178293590788	18.0	179.0	113.0	310.0	 2
0.179638448095	18.0	178.0	114.0	310.0	 2
0.185274770569	17.0	179.0	114.0	310.0	 1
0.186646991149	17.0	178.0	115.0	310.0	 2
0.186893297293	16.0	179.0	115.0	310.0	 1
0.188240484008	16.0	178.0	116.0	310.0	 2
0.189342070772	16.0	177.0	117.0	310.0	 2
0.191040815965	16.0	176.0	118.0	310.0	 2
0.191450238939	15.0	177.0	118.0	310.0	 1
0.192363610447	14.0	178.0	118.0	310.0	 1
0.19654585967	14.0	177.0	119.0	310.0	 2
0.211331432248	14.0	176.0	120.0	310.0	 2
0.212642335093	14.0	175.0	121.0	310.0	 2
0.222652278168	14.0	174.0	122.0	310.0	 2
0.231511680394	13.0	175.0	122.0	310.0	 1
0.232234992937	13.0	174.0	123.0	310.0	 2
0.234486302672	13.0	173.0	124.0	310.0	 2
0.235467959096	13.0	172.0	125.0	310.0	 2
0.236079788796	13.0	171.0	126.0	310.0	 2
0.239189974022	13.0	170.0	127.0	310.0	 2
0.240806434304	13.0	169.0	128.0	310.0	 2
0.261769893799	12.0	170.0	128.0	310.0	 1
0.265720956455	11.0	171.0	128.0	310.0	 1
0.272256267825	11.0	170.0	129.0	310.0	 2
0.27421160996	11.0	169.0	130.0	310.0	 2
0.279159414626	11.0	168.0	131.0	310.0	 2
0.283474983957	11.0	167.0	132.0	310.0	 2
0.302182017763	11.0	166.0	133.0	310.0	 2
0.305092226561	10.0	167.0	133.0	310.0	 1
0.306754297365	10.0	166.0	134.0	310.0	 2
0.312067079987	9.0	167.0	134.0	310.0	 1
0.314064902661	9.0	166.0	135.0	310.0	 2
0.314985108302	8.0	167.0	135.0	310.0	 1
0.320987189351	8.0	166.0	136.0	310.0	 2
0.33507889348	8.0	165.0	137.0	310.0	 2
0.339289006382	8.0	164.0	138.0	310.0	 2
0.339321906393	8.0	163.0	139.0	310.0	 2
0.343528338269	8.0	162.0	140.0	310.0	 2
0.352470942148	8.0	161.0	141.0	310.0	 2
0.371243639853	8.0	160.0	142.0	310.0	 2
0.371665358705	8.0	159.0	143.0	310.0	 2
0.37209106998	8.0	158.0	144.0	310.0	 2
0.375152969489	8.0	157.0	145.0	310.0	 2
0.399078860128	7.0	158.0	145.0	310.0	 1
0.399503825184	7.0	157.0	146.0	310.0	 2
0.406444561593	7.0	156.0	147.0	310.0	 2
0.418656673224	7.0	155.0	148.0	310.0	 2
0.418739234857	7.0	154.0	149.0	310.0	 2
0.42468802733	7.0	153.0	150.0	310.0	 2
0.429810624609	7.0	152.0	151.0	310.0	 2
0.429846054913	7.0	151.0	152.0	310.0	 2
0.43785425095	7.0	150.0	153.0	310.0	 2
0.45019749246	7.0	149.0	154.0	310.0	 2
0.451476976854	7.0	148.0	155.0	310.0	 2
0.454545454545	7.0	148.0	155.0	310.0	 0
