# reactions: 2
Time	S	I	R	N	Fired Reaction
0.0	46.0	181.0	83.0	310.0	 0
3.68444177088e-06	46.0	180.0	84.0	310.0	 2
0.000303137204706	46.0	179.0	85.0	310.0	 2
0.00224268842128	46.0	178.0	86.0	310.0	 2
0.00867037515002	45.0	179.0	86.0	310.0	 1
0.00997147222715	44.0	180.0	86.0	310.0	 1
0.0143501541358	44.0	179.0	87.0	310.0	 2
0.0148933247821	44.0	178.0	88.0	310.0	 2
0.0194025666617	43.0	179.0	88.0	310.0	 1
0.0203066392058	43.0	178.0	89.0	310.0	 2
0.0222053015705	42.0	179.0	89.0	310.0	 1
0.0222945472851	41.0	180.0	89.0	310.0	 1
0.0251810078075	41.0	179.0	90.0	310.0	 2
0.0313668210026	41.0	178.0	91.0	310.0	 2
0.0318909790559	40.0	179.0	91.0	310.0	 1
0.03370686874	40.0	178.0	92.0	310.0	 2
0.035739517059	39.0	179.0	92.0	310.0	 1
0.0369773688028	39.0	178.0	93.0	310.0	 2
0.0420637216968	38.0	179.0	93.0	310.0	 1
0.044773860704	37.0	180.0	93.0	310.0	 1
0.0458829116579	36.0	181.0	93.0	310.0	 1
0.0463686816444	36.0	180.0	94.0	310.0	 2
0.0526774333215	36.0	179.0	95.0	310.0	 2
0.0534415310791	35.0	180.0	95.0	310.0	 1
0.0546291539008	35.0	179.0	96.0	310.0	 2
0.0547678357936	35.0	178.0	97.0	310.0	 2
0.0575033948724	34.0	179.0	97.0	310.0	 1
0.0623853692779	34.0	178.0	98.0	310.0	 2
0.0632847230975	34.0	177.0	99.0	310.0	 2
0.0670408251329	34.0	176.0	100.0	310.0	 2
0.0696781946134	33.0	177.0	100.0	310.0	 1
0.0752674770821	32.0	178.0	100.0	310.0	 1
0.0780285216176	32.0	177.0	101.0	310.0	 2
0.0783615813912	32.0	176.0	102.0	310.0	 2
0.0799593884803	31.0	177.0	102.0	310.0	 1
0.0810481023938	31.0	176.0	103.0	310.0	 2
0.08109055722	31.0	175.0	104.0	310.0	 2
0.0828595350882	30.0	176.0	104.0	310.0	 1
0.0891277068236	30.0	175.0	105.0	310.0	 2
0.0900607327282	30.0	174.0	106.0	310.0	 2
0.0907377718667	29.0	175.0	106.0	310.0	 1
0.0966006632083	28.0	176.0	106.0	310.0	 1
0.10615954676	27.0	177.0	106.0	310.0	 1
0.106739347574	27.0	176.0	107.0	310.0	 2
0.108694506092	27.0	175.0	108.0	310.0	 2
0.111426257734	27.0	174.0	109.0	310.0	 2
0.113350070742	27.0	173.0	110.0	310.0	 2
0.113421725919	26.0	174.0	110.0	310.0	 1
0.113762561668	26.0	173.0	111.0	310.0	 2
0.116268996172	26.0	172.0	112.0	310.0	 2
0.11762164309	26.0	171.0	113.0	310.0	 2
0.118731017393	26.0	170.0	114.0	310.0	 2
0.119029574714	26.0	169.0	115.0	310.0	 2
0.125228765176	26.0	168.0	116.0	310.0	 2
0.131092276061	26.0	167.0	117.0	310.0	 2
0.131694519985	25.0	168.0	117.0	310.0	 1
0.13771920334	25.0	167.0	118.0	310.0	 2
0.140062357305	25.0	166.0	119.0	310.0	 2
0.153575471367	24.0	167.0	119.0	310.0	 1
0.153712375322	24.0	166.0	120.0	310.0	 2
0.154103612566	23.0	167.0	120.0	310.0	 1
0.155317164659	23.0	166.0	121.0	310.0	 2
0.155409066757	22.0	167.0	121.0	310.0	 1
0.158820971978	21.0	168.0	121.0	310.0	 1
0.159078244183	21.0	167.0	122.0	310.0	 2
0.16410060993	21.0	166.0	123.0	310.0	 2
0.170454046791	21.0	165.0	124.0	310.0	 2
0.180886227155	21.0	164.0	125.0	310.0	 2
0.181847388067	20.0	165.0	125.0	310.0	 1
0.185736236532	19.0	166.0	125.0	310.0	 1
0.188370797246	19.0	165.0	126.0	310.0	 2
0.190947227359	18.0	166.0	126.0	310.0	 1
0.194594951571	17.0	167.0	126.0	310.0	 1
0.196123078487	16.0	168.0	126.0	310.0	 1
0.201160754423	15.0	169.0	126.0	310.0	 1
0.202200114734	14.0	170.0	126.0	310.0	 1
0.203098201703	14.0	169.0	127.0	310.0	 2
0.205483609928	14.0	168.0	128.0	310.0	 2
0.209923683969	13.0	169.0	128.0	310.0	 1
0.210021090765	13.0	168.0	129.0	310.0	 2
0.217766051244	12.0	169.0	129.0	310.0	 1
0.219252954889	12.0	168.0	130.0	310.0	 2
0.224003823946	12.0	167.0	131.0	310.0	 2
0.225872060928	12.0	166.0	132.0	310.0	 2
0.228850664789	11.0	167.0	132.0	310.0	 1
0.231442587152	11.0	166.0	133.0	310.0	 2
0.240779649658	11.0	165.0	134.0	310.0	 2
0.242456522634	11.0	164.0	135.0	310.0	 2
0.243121481334	10.0	165.0	135.0	310.0	 1
0.243556636677	10.0	164.0	136.0	310.0	 2
0.250363039567	10.0	163.0	137.0	310.0	 2
0.260487012339	10.0	162.0	138.0	310.0	 2
0.267047723397	9.0	163.0	138.0	310.0	 1
0.267390819161	9.0	162.0	139.0	310.0	 2
0.276283070252	9.0	161.0	140.0	310.0	 2
0.279756770694	9.0	160.0	141.0	310.0	 2
0.28477646915	9.0	159.0	142.0	310.0	 2
0.305667711763	8.0	160.0	142.0	310.0	 1
0.305786866229	8.0	159.0	143.0	310.0	 2
0.326266246319	8.0	158.0	144.0	310.0	 2
0.327407209266	7.0	159.0	144.0	310.0	 1
0.336836942125	6.0	160.0	144.0	310.0	 1
0.347462547831	6.0	159.0	145.0	310.0	 2
0.355596629861	6.0	158.0	146.0	310.0	 2
0.357814529481	6.0	157.0	147.0	310.0	 2
0.359153478165	6.0	156.0	148.0	310.0	 2
0.36391944343	6.0	155.0	149.0	310.0	 2
0.365768516112	6.0	154.0	150.0	310.0	 2
0.368359932437	5.0	155.0	150.0	310.0	 1
0.377124072073	5.0	154.0	151.0	310.0	 2
0.38682539307	5.0	153.0	152.0	310.0	 2
0.38737137433	5.0	152.0	153.0	310.0	 2
0.388063598462	5.0	151.0	154.0	310.0	 2
0.389766501771	5.0	150.0	155.0	310.0	 2
0.391497424356	5.0	149.0	156.0	310.0	 2
0.408981946283	5.0	148.0	157.0	310.0	 2
0.41508682858	5.0	147.0	158.0	310.0	 2
0.41598037068	5.0	146.0	159.0	310.0	 2
0.422095086372	5.0	145.0	160.0	310.0	 2
0.425604437429	5.0	144.0	161.0	310.0	 2
0.432631756412	5.0	143.0	162.0	310.0	 2
0.432790409848	5.0	142.0	163.0	310.0	 2
0.436381232684	5.0	141.0	164.0	310.0	 2
0.443598070405	5.0	140.0	165.0	310.0	 2
0.444552376225	5.0	139.0	166.0	310.0	 2
0.444934242083	5.0	138.0	167.0	310.0	 2
0.454215851962	5.0	137.0	168.0	310.0	 2
0.454545454545	5.0	137.0	168.0	310.0	 0
