# reactions: 2
Time	S	I	R	N	Fired Reaction
0.0	46.0	181.0	83.0	310.0	 0
0.00705922019429	46.0	180.0	84.0	310.0	 2
0.00731396021219	45.0	181.0	84.0	310.0	 1
0.00852987418905	44.0	182.0	84.0	310.0	 1
0.00929386450587	44.0	181.0	85.0	310.0	 2
0.00935755259004	44.0	180.0	86.0	310.0	 2
0.0135075934195	44.0	179.0	87.0	310.0	 2
0.0139046273674	44.0	178.0	88.0	310.0	 2
0.0142644629079	43.0	179.0	88.0	310.0	 1
0.0176069575937	42.0	180.0	88.0	310.0	 1
0.0189840971343	42.0	179.0	89.0	310.0	 2
0.0215569739039	42.0	178.0	90.0	310.0	 2
0.0247519923559	41.0	179.0	90.0	310.0	 1
0.0304673431876	40.0	180.0	90.0	310.0	 1
0.0313094651318	39.0	181.0	90.0	310.0	 1
0.0317329659329	39.0	180.0	91.0	310.0	 2
0.0356972900586	38.0	181.0	91.0	310.0	 1
0.0358430170785	38.0	180.0	92.0	310.0	 2
0.0372580619737	38.0	179.0	93.0	310.0	 2
0.039299806362	37.0	180.0	93.0	310.0	 1
0.0410174535098	37.0	179.0	94.0	310.0	 2
0.053968002724	37.0	178.0	95.0	310.0	 2
0.0601596363743	37.0	177.0	96.0	310.0	 2
0.0604529542949	37.0	176.0	97.0	310.0	 2
0.0611299729594	37.0	175.0	98.0	310.0	 2
0.06482273671	37.0	174.0	99.0	310.0	 2
0.0737844936092	37.0	173.0	100.0	310.0	 2
0.0745471247135	37.0	172.0	101.0	310.0	 2
0.0766526066264	37.0	171.0	102.0	310.0	 2
0.0777433269561	36.0	172.0	102.0	310.0	 1
0.0787378787734	36.0	171.0	103.0	310.0	 2
0.0845499305266	36.0	170.0	104.0	310.0	 2
0.0938498983491	36.0	169.0	105.0	310.0	 2
0.0947685327649	36.0	168.0	106.0	310.0	 2
0.0949108143408	35.0	169.0	106.0	310.0	 1
0.0963322344204	35.0	168.0	107.0	310.0	 2
0.10297814389	35.0	167.0	108.0	310.0	 2
0.109593043032	34.0	168.0	108.0	310.0	 1
0.117795969133	34.0	167.0	109.0	310.0	 2
0.117837282962	34.0	166.0	110.0	310.0	 2
0.122139666387	34.0	165.0	111.0	310.0	 2
0.122277401688	33.0	166.0	111.0	310.0	 1
0.125949565227	33.0	165.0	112.0	310.0	 2
0.133081141104	32.0	166.0	112.0	310.0	 1
0.139940228579	31.0	167.0	112.0	310.0	 1
0.14071191333	31.0	166.0	113.0	310.0	 2
0.141523905062	30.0	167.0	113.0	310.0	 1
0.149814920524	29.0	168.0	113.0	310.0	 1
0.152213838833	29.0	167.0	114.0	310.0	 2
0.159937690164	28.0	168.0	114.0	310.0	 1
0.166202016898	28.0	167.0	115.0	310.0	 2
0.172822287204	28.0	166.0	116.0	310.0	 2
0.173978887012	28.0	165.0	117.0	310.0	 2
0.179497361045	28.0	164.0	118.0	310.0	 2
0.188052390626	27.0	165.0	118.0	310.0	 1
0.191794010979	27.0	164.0	119.0	310.0	 2
0.19351645432	27.0	163.0	120.0	310.0	 2
0.193828910398	26.0	164.0	120.0	310.0	 1
0.19860919779	25.0	165.0	120.0	310.0	 1
0.200131396338	24.0	166.0	120.0	310.0	 1
0.200983099932	24.0	165.0	121.0	310.0	 2
0.20104576103	23.0	166.0	121.0	310.0	 1
0.202818546505	22.0	167.0	121.0	310.0	 1
0.204258392809	22.0	166.0	122.0	310.0	 2
0.208528222428	22.0	165.0	123.0	310.0	 2
0.212925947774	22.0	164.0	124.0	310.0	 2
0.215014147086	22.0	163.0	125.0	310.0	 2
0.219653094369	22.0	162.0	126.0	310.0	 2
0.225811684117	22.0	161.0	127.0	310.0	 2
0.228975453352	22.0	160.0	128.0	310.0	 2
0.229470108336	21.0	161.0	128.0	310.0	 1
0.242357111949	21.0	160.0	129.0	310.0	 2
0.244354251538	21.0	159.0	130.0	310.0	 2
0.253132915268	21.0	158.0	131.0	310.0	 2
0.255266813109	20.0	159.0	131.0	310.0	 1
0.259024949123	20.0	158.0	132.0	310.0	 2
0.262554300541	20.0	157.0	133.0	310.0	 2
0.264115825748	20.0	156.0	134.0	310.0	 2
0.266486836095	19.0	157.0	134.0	310.0	 1
0.267862133122	19.0	156.0	135.0	310.0	 2
0.271670199465	18.0	157.0	135.0	310.0	 1
0.275107313496	17.0	158.0	135.0	310.0	 1
0.298129532821	17.0	157.0	136.0	310.0	 2
0.307172501008	16.0	158.0	136.0	310.0	 1
0.308820234255	16.0	157.0	137.0	310.0	 2
0.309434775286	16.0	156.0	138.0	310.0	 2
0.322218097625	15.0	157.0	138.0	310.0	 1
0.330639139516	14.0	158.0	138.0	310.0	 1
0.333296765993	14.0	157.0	139.0	310.0	 2
0.340761134944	14.0	156.0	140.0	310.0	 2
0.341956460357	14.0	155.0	141.0	310.0	 2
0.351802415572	14.0	154.0	142.0	310.0	 2
0.352501364603	14.0	153.0	143.0	310.0	 2
0.355010042358	13.0	154.0	143.0	310.0	 1
0.3562535125	13.0	153.0	144.0	310.0	 2
0.356303931248	13.0	152.0	145.0	310.0	 2
0.359467316438	12.0	153.0	145.0	310.0	 1
0.364263649807	12.0	152.0	146.0	310.0	 2
0.39110071505	12.0	151.0	147.0	310.0	 2
0.392695597425	12.0	150.0	148.0	310.0	 2
0.405764716501	12.0	149.0	149.0	310.0	 2
0.41242255001	11.0	150.0	149.0	310.0	 1
0.412564587226	10.0	151.0	149.0	310.0	 1
0.413989433305	10.0	150.0	150.0	310.0	 2
0.417391326262	9.0	151.0	150.0	310.0	 1
0.418281945809	8.0	152.0	150.0	310.0	 1
0.43715452315	8.0	151.0	151.0	310.0	 2
0.44064229321	8.0	150.0	152.0	310.0	 2
0.447924412843	8.0	149.0	153.0	310.0	 2
0.450525223712	7.0	150.0	153.0	310.0	 1
0.451742809482	7.0	149.0	154.0	310.0	 2
0.454545454545	7.0	149.0	154.0	310.0	 0
