# reactions: 2
Time	S	I	R	N	Fired Reaction
0.0	46.0	181.0	83.0	310.0	 0
0.00258419079496	45.0	182.0	83.0	310.0	 1
0.00309088013322	45.0	181.0	84.0	310.0	 2
0.00315282173009	44.0	182.0	84.0	310.0	 1
0.0084843827407	44.0	181.0	85.0	310.0	 2
0.0103442679197	44.0	180.0	86.0	310.0	 2
0.0123758251241	43.0	181.0	86.0	310.0	 1
0.0130030525009	42.0	182.0	86.0	310.0	 1
0.0157869383632	42.0	181.0	87.0	310.0	 2
0.021342891258	41.0	182.0	87.0	310.0	 1
0.0238691422746	40.0	183.0	87.0	310.0	 1
0.023971389566	39.0	184.0	87.0	310.0	 1
0.0255771942541	38.0	185.0	87.0	310.0	 1
0.0263979167602	37.0	186.0	87.0	310.0	 1
0.0276503631903	36.0	187.0	87.0	310.0	 1
0.028707616289	35.0	188.0	87.0	310.0	 1
0.0290429458354	34.0	189.0	87.0	310.0	 1
0.0290846800323	33.0	190.0	87.0	310.0	 1
0.0308159031806	33.0	189.0	88.0	310.0	 2
0.0332835661945	32.0	190.0	88.0	310.0	 1
0.0366332940775	32.0	189.0	89.0	310.0	 2
0.0397083686375	32.0	188.0	90.0	310.0	 2
0.0420422662124	31.0	189.0	90.0	310.0	 1
0.0421489092877	30.0	190.0	90.0	310.0	 1
0.0433722391332	30.0	189.0	91.0	310.0	 2
0.0485859767424	29.0	190.0	91.0	310.0	 1
0.0496990692034	29.0	189.0	92.0	310.0	 2
0.0506561892581	28.0	190.0	92.0	310.0	 1
0.0635383658048	28.0	189.0	93.0	310.0	 2
0.0677192596028	27.0	190.0	93.0	310.0	 1
0.0686776794386	27.0	189.0	94.0	310.0	 2
0.0689323406417	26.0	190.0	94.0	310.0	 1
0.0697259658816	26.0	189.0	95.0	310.0	 2
0.0722445283403	25.0	190.0	95.0	310.0	 1
0.0726792652696	24.0	191.0	95.0	310.0	 1
0.0734376971018	23.0	192.0	95.0	310.0	 1
0.0778601065948	23.0	191.0	96.0	310.0	 2
0.0779295615048	22.0	192.0	96.0	310.0	 1
0.0785322411632	22.0	191.0	97.0	310.0	 2
0.0825649616822	21.0	192.0	97.0	310.0	 1
0.0850164426221	21.0	191.0	98.0	310.0	 2
0.0867327742349	20.0	192.0	98.0	310.0	 1
0.0875769019612	20.0	191.0	99.0	310.0	 2
0.0887910758099	20.0	190.0	100.0	310.0	 2
0.0902196442907	20.0	189.0	101.0	310.0	 2
0.0923439345053	19.0	190.0	101.0	310.0	 1
0.0926318532785	18.0	191.0	101.0	310.0	 1
0.093002525282	18.0	190.0	102.0	310.0	 2
0.101025484994	17.0	191.0	102.0	310.0	 1
0.10418012789	16.0	192.0	102.0	310.0	 1
0.105437608418	16.0	191.0	103.0	310.0	 2
0.105641767821	16.0	190.0	104.0	310.0	 2
0.105736290823	15.0	191.0	104.0	310.0	 1
0.108088074536	15.0	190.0	105.0	310.0	 2
0.111991055656	15.0	189.0	106.0	310.0	 2
0.113051993344	15.0	188.0	107.0	310.0	 2
0.128364568994	14.0	189.0	107.0	310.0	 1
0.131473359523	14.0	188.0	108.0	310.0	 2
0.13524968322	13.0	189.0	108.0	310.0	 1
0.135849963689	13.0	188.0	109.0	310.0	 2
0.140068527365	13.0	187.0	110.0	310.0	 2
0.145473819702	13.0	186.0	111.0	310.0	 2
0.147531840867	13.0	185.0	112.0	310.0	 2
0.147960692724	13.0	184.0	113.0	310.0	 2
0.148529374255	13.0	183.0	114.0	310.0	 2
0.155856412257	12.0	184.0	114.0	310.0	 1
0.159675221347	11.0	185.0	114.0	310.0	 1
0.162699362807	11.0	184.0	115.0	310.0	 2
0.166675566304	11.0	183.0	116.0	310.0	 2
0.166721960672	11.0	182.0	117.0	310.0	 2
0.18470975171	11.0	181.0	118.0	310.0	 2
0.190746657582	11.0	180.0	119.0	310.0	 2
0.191876809076	11.0	179.0	120.0	310.0	 2
0.195969929019	10.0	180.0	120.0	310.0	 1
0.204285166731	10.0	179.0	121.0	310.0	 2
0.213424451138	9.0	180.0	121.0	310.0	 1
0.215742686611	9.0	179.0	122.0	310.0	 2
0.217708985194	9.0	178.0	123.0	310.0	 2
0.221123994117	9.0	177.0	124.0	310.0	 2
0.225638569494	9.0	176.0	125.0	310.0	 2
0.254266015941	9.0	175.0	126.0	310.0	 2
0.256478378783	9.0	174.0	127.0	310.0	 2
0.258350917919	9.0	173.0	128.0	310.0	 2
0.261077986855	9.0	172.0	129.0	310.0	 2
0.263174428274	9.0	171.0	130.0	310.0	 2
0.265975085531	9.0	170.0	131.0	310.0	 2
0.270467904103	9.0	169.0	132.0	310.0	 2
0.275059968038	9.0	168.0	133.0	310.0	 2
0.279930295721	8.0	169.0	133.0	310.0	 1
0.285663331217	7.0	170.0	133.0	310.0	 1
0.288909021515	7.0	169.0	134.0	310.0	 2
0.303542757845	7.0	168.0	135.0	310.0	 2
0.306812237953	7.0	167.0	136.0	310.0	 2
0.314270590576	7.0	166.0	137.0	310.0	 2
0.318990130787	7.0	165.0	138.0	310.0	 2
0.31998410153	7.0	164.0	139.0	310.0	 2
0.324944425474	6.0	165.0	139.0	310.0	 1
0.32841485663	6.0	164.0	140.0	310.0	 2
0.33557597878	6.0	163.0	141.0	310.0	 2
0.340681671891	6.0	162.0	142.0	310.0	 2
0.341294481459	6.0	161.0	143.0	310.0	 2
0.346568040259	6.0	160.0	144.0	310.0	 2
0.3486130528	6.0	159.0	145.0	310.0	 2
0.366770224023	6.0	158.0	146.0	310.0	 2
0.369296171542	6.0	157.0	147.0	310.0	 2
0.375981942738	6.0	156.0	148.0	310.0	 2
0.380370396421	6.0	155.0	149.0	310.0	 2
0.384763517179	6.0	154.0	150.0	310.0	 2
0.393742261838	5.0	155.0	150.0	310.0	 1
0.403200290545	5.0	154.0	151.0	310.0	 2
0.407208082645	5.0	153.0	152.0	310.0	 2
0.41946895893	5.0	152.0	153.0	310.0	 2
0.421497234447	5.0	151.0	154.0	310.0	 2
0.436987612446	5.0	150.0	155.0	310.0	 2
0.443653674885	5.0	149.0	156.0	310.0	 2
0.448924240948	5.0	148.0	157.0	310.0	 2
0.450160178382	5.0	147.0	158.0	310.0	 2
0.450761049143	5.0	146.0	159.0	310.0	 2
0.454545454545	5.0	146.0	159.0	310.0	 0
