# reactions: 2
Time	S	I	R	N	Fired Reaction
0.0	46.0	181.0	83.0	310.0	 0
0.0017608937025	46.0	180.0	84.0	310.0	 2
0.00280317442312	45.0	181.0	84.0	310.0	 1
0.00325019552369	45.0	180.0	85.0	310.0	 2
0.00557480315636	45.0	179.0	86.0	310.0	 2
0.00590809804949	45.0	178.0	87.0	310.0	 2
0.0101397918731	44.0	179.0	87.0	310.0	 1
0.0122602691254	43.0	180.0	87.0	310.0	 1
0.0184197112603	42.0	181.0	87.0	310.0	 1
0.0205970580885	41.0	182.0	87.0	310.0	 1
0.02571201341	40.0	183.0	87.0	310.0	 1
0.0277791233242	40.0	182.0	88.0	310.0	 2
0.0278406369923	40.0	181.0	89.0	310.0	 2
0.0280784012779	39.0	182.0	89.0	310.0	 1
0.0325430956227	38.0	183.0	89.0	310.0	 1
0.0334284899021	38.0	182.0	90.0	310.0	 2
0.038280588282	37.0	183.0	90.0	310.0	 1
0.0391621723877	36.0	184.0	90.0	310.0	 1
0.0426090663415	36.0	183.0	91.0	310.0	 2
0.0457441909734	35.0	184.0	91.0	310.0	 1
0.0491221344714	35.0	183.0	92.0	310.0	 2
0.0558564207348	34.0	184.0	92.0	310.0	 1
0.057843716412	33.0	185.0	92.0	310.0	 1
0.0582854519436	33.0	184.0	93.0	310.0	 2
0.0600923007688	33.0	183.0	94.0	310.0	 2
0.0630774823817	33.0	182.0	95.0	310.0	 2
0.0635880526706	32.0	183.0	95.0	310.0	 1
0.0663144898009	32.0	182.0	96.0	310.0	 2
0.0679512147159	32.0	181.0	97.0	310.0	 2
0.0688242912294	32.0	180.0	98.0	310.0	 2
0.0700856483977	31.0	181.0	98.0	310.0	 1
0.0729524128411	30.0	182.0	98.0	310.0	 1
0.074763831531	29.0	183.0	98.0	310.0	 1
0.076738197284	28.0	184.0	98.0	310.0	 1
0.0777559208119	28.0	183.0	99.0	310.0	 2
0.0782087573283	28.0	182.0	100.0	310.0	 2
0.0800624965909	28.0	181.0	101.0	310.0	 2
0.0851869377144	28.0	180.0	102.0	310.0	 2
0.0877890974905	28.0	179.0	103.0	310.0	 2
0.0917340468144	28.0	178.0	104.0	310.0	 2
0.0961448979155	28.0	177.0	105.0	310.0	 2
0.0967171937815	28.0	176.0	106.0	310.0	 2
0.0978050998343	28.0	175.0	107.0	310.0	 2
0.101753888003	28.0	174.0	108.0	310.0	 2
0.101810615721	28.0	173.0	109.0	310.0	 2
0.1020446992	27.0	174.0	109.0	310.0	 1
0.104387257241	27.0	173.0	110.0	310.0	 2
0.105318296617	27.0	172.0	111.0	310.0	 2
0.107628137955	27.0	171.0	112.0	310.0	 2
0.108431394415	27.0	170.0	113.0	310.0	 2
0.109597812025	26.0	171.0	113.0	310.0	 1
0.11041333053	26.0	170.0	114.0	310.0	 2
0.111881367656	25.0	171.0	114.0	310.0	 1
0.113585557354	25.0	170.0	115.0	310.0	 2
0.118005538144	24.0	171.0	115.0	310.0	 1
0.118487029348	24.0	170.0	116.0	310.0	 2
0.123565240233	24.0	169.0	117.0	310.0	 2
0.123822541332	24.0	168.0	118.0	310.0	 2
0.126892000924	24.0	167.0	119.0	310.0	 2
0.13083322873	24.0	166.0	120.0	310.0	 2
0.130845313233	24.0	165.0	121.0	310.0	 2
0.132145220456	23.0	166.0	121.0	310.0	 1
0.133981047486	23.0	165.0	122.0	310.0	 2
0.13815509904	23.0	164.0	123.0	310.0	 2
0.138983243971	23.0	163.0	124.0	310.0	 2
0.143844006515	22.0	164.0	124.0	310.0	 1
0.146638983386	21.0	165.0	124.0	310.0	 1
0.148205029189	20.0	166.0	124.0	310.0	 1
0.152075263751	19.0	167.0	124.0	310.0	 1
0.165362627427	19.0	166.0	125.0	310.0	 2
0.167866050285	19.0	165.0	126.0	310.0	 2
0.169745647082	18.0	166.0	126.0	310.0	 1
0.174495876998	17.0	167.0	126.0	310.0	 1
0.185967392709	17.0	166.0	127.0	310.0	 2
0.186949645765	17.0	165.0	128.0	310.0	 2
0.19028984887	17.0	164.0	129.0	310.0	 2
0.190935127339	16.0	165.0	129.0	310.0	 1
0.191737108241	16.0	164.0	130.0	310.0	 2
0.191937056709	16.0	163.0	131.0	310.0	 2
0.193552099114	15.0	164.0	131.0	310.0	 1
0.197619718254	15.0	163.0	132.0	310.0	 2
0.201911519153	15.0	162.0	133.0	310.0	 2
0.211287546399	15.0	161.0	134.0	310.0	 2
0.223423331305	14.0	162.0	134.0	310.0	 1
0.224241120742	14.0	161.0	135.0	310.0	 2
0.23285621453	14.0	160.0	136.0	310.0	 2
0.234046781515	14.0	159.0	137.0	310.0	 2
0.243615355451	14.0	158.0	138.0	310.0	 2
0.248118711837	14.0	157.0	139.0	310.0	 2
0.25017646229	14.0	156.0	140.0	310.0	 2
0.252823463313	14.0	155.0	141.0	310.0	 2
0.254690260364	13.0	156.0	141.0	310.0	 1
0.25575513649	13.0	155.0	142.0	310.0	 2
0.257876826567	12.0	156.0	142.0	310.0	 1
0.262588096715	12.0	155.0	143.0	310.0	 2
0.266569750721	11.0	156.0	143.0	310.0	 1
0.281539036657	11.0	155.0	144.0	310.0	 2
0.286141125849	11.0	154.0	145.0	310.0	 2
0.292469248944	11.0	153.0	146.0	310.0	 2
0.299298471472	11.0	152.0	147.0	310.0	 2
0.301919309915	11.0	151.0	148.0	310.0	 2
0.303169003493	11.0	150.0	149.0	310.0	 2
0.309519200405	11.0	149.0	150.0	310.0	 2
0.314695541009	11.0	148.0	151.0	310.0	 2
0.31562455934	11.0	147.0	152.0	310.0	 2
0.32005746653	11.0	146.0	153.0	310.0	 2
0.324455014998	11.0	145.0	154.0	310.0	 2
0.328575235972	11.0	144.0	155.0	310.0	 2
0.33193010041	11.0	143.0	156.0	310.0	 2
0.34358706788	11.0	142.0	157.0	310.0	 2
0.347091553423	10.0	143.0	157.0	310.0	 1
0.353624375661	10.0	142.0	158.0	310.0	 2
0.36018011918	10.0	141.0	159.0	310.0	 2
0.362200968476	9.0	142.0	159.0	310.0	 1
0.366356845009	9.0	141.0	160.0	310.0	 2
0.373180250202	8.0	142.0	160.0	310.0	 1
0.3758072306	8.0	141.0	161.0	310.0	 2
0.381639995796	7.0	142.0	161.0	310.0	 1
0.39408797719	7.0	141.0	162.0	310.0	 2
0.42090697307	7.0	140.0	163.0	310.0	 2
0.423671504808	6.0	141.0	163.0	310.0	 1
0.439188492951	5.0	142.0	163.0	310.0	 1
0.439446050903	5.0	141.0	164.0	310.0	 2
0.445058420669	5.0	140.0	165.0	310.0	 2
0.447879577551	5.0	139.0	166.0	310.0	 2
0.450085424847	5.0	138.0	167.0	310.0	 2
0.454545454545	5.0	138.0	167.0	310.0	 0
