# reactions: 2
Time	S	I	R	N	Fired Reaction
0.0	46.0	181.0	83.0	310.0	 0
0.000696194282229	45.0	182.0	83.0	310.0	 1
0.00420818560403	45.0	181.0	84.0	310.0	 2
0.00510245247459	44.0	182.0	84.0	310.0	 1
0.00538786562097	44.0	181.0	85.0	310.0	 2
0.00662289156981	44.0	180.0	86.0	310.0	 2
0.0135429233319	43.0	181.0	86.0	310.0	 1
0.0165542733333	43.0	180.0	87.0	310.0	 2
0.0167442365976	43.0	179.0	88.0	310.0	 2
0.0180642700892	43.0	178.0	89.0	310.0	 2
0.018239242494	43.0	177.0	90.0	310.0	 2
0.0187849335699	43.0	176.0	91.0	310.0	 2
0.0206470133647	43.0	175.0	92.0	310.0	 2
0.0207175974267	42.0	176.0	92.0	310.0	 1
0.0207440838275	42.0	175.0	93.0	310.0	 2
0.0211426525744	41.0	176.0	93.0	310.0	 1
0.0222340273721	40.0	177.0	93.0	310.0	 1
0.0289952241318	39.0	178.0	93.0	310.0	 1
0.0295540962805	39.0	177.0	94.0	310.0	 2
0.0304279278787	38.0	178.0	94.0	310.0	 1
0.0309050578374	38.0	177.0	95.0	310.0	 2
0.0329835671541	37.0	178.0	95.0	310.0	 1
0.0340220945249	37.0	177.0	96.0	310.0	 2
0.0342337514924	37.0	176.0	97.0	310.0	 2
0.0343051003324	36.0	177.0	97.0	310.0	 1
0.0348757129817	35.0	178.0	97.0	310.0	 1
0.0353503140818	34.0	179.0	97.0	310.0	 1
0.0373323025466	34.0	178.0	98.0	310.0	 2
0.0384894263148	33.0	179.0	98.0	310.0	 1
0.041212416937	32.0	180.0	98.0	310.0	 1
0.0440681061057	32.0	179.0	99.0	310.0	 2
0.0461035685544	32.0	178.0	100.0	310.0	 2
0.0472872718848	32.0	177.0	101.0	310.0	 2
0.0491856419393	32.0	176.0	102.0	310.0	 2
0.0495629108446	32.0	175.0	103.0	310.0	 2
0.0510405234745	31.0	176.0	103.0	310.0	 1
0.0520791647084	31.0	175.0	104.0	310.0	 2
0.0526038009301	30.0	176.0	104.0	310.0	 1
0.0631888020191	29.0	177.0	104.0	310.0	 1
0.0641279185616	28.0	178.0	104.0	310.0	 1
0.0641758683274	27.0	179.0	104.0	310.0	 1
0.0702842684198	26.0	180.0	104.0	310.0	 1
0.0717412208992	26.0	179.0	105.0	310.0	 2
0.0766612462098	26.0	178.0	106.0	310.0	 2
0.0771370384977	25.0	179.0	106.0	310.0	 1
0.0779030418913	25.0	178.0	107.0	310.0	 2
0.0827266213451	25.0	177.0	108.0	310.0	 2
0.0869687775512	24.0	178.0	108.0	310.0	 1
0.0906449932578	24.0	177.0	109.0	310.0	 2
0.0917579340995	24.0	176.0	110.0	310.0	 2
0.0945798206736	24.0	175.0	111.0	310.0	 2
0.0946386578221	24.0	174.0	112.0	310.0	 2
0.094768246127	24.0	173.0	113.0	310.0	 2
0.0989512687253	23.0	174.0	113.0	310.0	 1
0.0994786980191	23.0	173.0	114.0	310.0	 2
0.100296280437	23.0	172.0	115.0	310.0	 2
0.100692816672	23.0	171.0	116.0	310.0	 2
0.11122594215	22.0	172.0	116.0	310.0	 1
0.113541103769	22.0	171.0	117.0	310.0	 2
0.120389367774	21.0	172.0	117.0	310.0	 1
0.120789599434	21.0	171.0	118.0	310.0	 2
0.125882723216	21.0	170.0	119.0	310.0	 2
0.12697720046	21.0	169.0	120.0	310.0	 2
0.131283281607	21.0	168.0	121.0	310.0	 2
0.132262578699	21.0	167.0	122.0	310.0	 2
0.133954545042	20.0	168.0	122.0	310.0	 1
0.142608281599	20.0	167.0	123.0	310.0	 2
0.148055633553	19.0	168.0	123.0	310.0	 1
0.165333345291	19.0	167.0	124.0	310.0	 2
0.171679414432	19.0	166.0	125.0	310.0	 2
0.173484348132	19.0	165.0	126.0	310.0	 2
0.17459589299	18.0	166.0	126.0	310.0	 1
0.197734340617	18.0	165.0	127.0	310.0	 2
0.201082395977	17.0	166.0	127.0	310.0	 1
0.202944335776	17.0	165.0	128.0	310.0	 2
0.203584377782	17.0	164.0	129.0	310.0	 2
0.204575569408	16.0	165.0	129.0	310.0	 1
0.210161407751	15.0	166.0	129.0	310.0	 1
0.216809021224	15.0	165.0	130.0	310.0	 2
0.219339426901	15.0	164.0	131.0	310.0	 2
0.2200260228	15.0	163.0	132.0	310.0	 2
0.222966436197	14.0	164.0	132.0	310.0	 1
0.227036283859	14.0	163.0	133.0	310.0	 2
0.229716854947	14.0	162.0	134.0	310.0	 2
0.231286674025	14.0	161.0	135.0	310.0	 2
0.239596018458	14.0	160.0	136.0	310.0	 2
0.245546702839	14.0	159.0	137.0	310.0	 2
0.246542750476	14.0	158.0	138.0	310.0	 2
0.255295664422	14.0	157.0	139.0	310.0	 2
0.261707456733	13.0	158.0	139.0	310.0	 1
0.26336058213	13.0	157.0	140.0	310.0	 2
0.264454062275	13.0	156.0	141.0	310.0	 2
0.264596324785	13.0	155.0	142.0	310.0	 2
0.26811897889	12.0	156.0	142.0	310.0	 1
0.268379780079	12.0	155.0	143.0	310.0	 2
0.277327777075	12.0	154.0	144.0	310.0	 2
0.284223990704	12.0	153.0	145.0	310.0	 2
0.297563425854	11.0	154.0	145.0	310.0	 1
0.304147927319	11.0	153.0	146.0	310.0	 2
0.30599851674	11.0	152.0	147.0	310.0	 2
0.310207503164	11.0	151.0	148.0	310.0	 2
0.332064809317	11.0	150.0	149.0	310.0	 2
0.341952679442	11.0	149.0	150.0	310.0	 2
0.341962721214	11.0	148.0	151.0	310.0	 2
0.342445241583	10.0	149.0	151.0	310.0	 1
0.346180522892	9.0	150.0	151.0	310.0	 1
0.353360902078	8.0	151.0	151.0	310.0	 1
0.356095760228	8.0	150.0	152.0	310.0	 2
0.360289709609	8.0	149.0	153.0	310.0	 2
0.364087680378	8.0	148.0	154.0	310.0	 2
0.373615975945	7.0	149.0	154.0	310.0	 1
0.375381664664	7.0	148.0	155.0	310.0	 2
0.378653952639	7.0	147.0	156.0	310.0	 2
0.383068369925	7.0	146.0	157.0	310.0	 2
0.38572625514	7.0	145.0	158.0	310.0	 2
0.401599204776	7.0	144.0	159.0	310.0	 2
0.402340856529	6.0	145.0	159.0	310.0	 1
0.409246445105	6.0	144.0	160.0	310.0	 2
0.416518780798	6.0	143.0	161.0	310.0	 2
0.429342123519	6.0	142.0	162.0	310.0	 2
0.430807978918	6.0	141.0	163.0	310.0	 2
0.432527738669	6.0	140.0	164.0	310.0	 2
0.435111035741	6.0	139.0	165.0	310.0	 2
0.443816795617	6.0	138.0	166.0	310.0	 2
0.445508029609	5.0	139.0	166.0	310.0	 1
0.448058874753	5.0	138.0	167.0	310.0	 2
0.454545454545	5.0	138.0	167.0	310.0	 0
