# reactions: 2
Time	S	I	R	N	Fired Reaction
0.0	46.0	181.0	83.0	310.0	 0
0.000345898568694	46.0	180.0	84.0	310.0	 2
0.00326231334314	45.0	181.0	84.0	310.0	 1
0.00383682299677	44.0	182.0	84.0	310.0	 1
0.00490822865376	43.0	183.0	84.0	310.0	 1
0.00703163751238	42.0	184.0	84.0	310.0	 1
0.0133418030278	42.0	183.0	85.0	310.0	 2
0.0186148403397	41.0	184.0	85.0	310.0	 1
0.0187807148843	40.0	185.0	85.0	310.0	 1
0.022780516055	39.0	186.0	85.0	310.0	 1
0.0248901330957	38.0	187.0	85.0	310.0	 1
0.025226353285	37.0	188.0	85.0	310.0	 1
0.0380687532149	37.0	187.0	86.0	310.0	 2
0.0381076034991	36.0	188.0	86.0	310.0	 1
0.0409802882862	35.0	189.0	86.0	310.0	 1
0.0498857403433	35.0	188.0	87.0	310.0	 2
0.0512016718569	34.0	189.0	87.0	310.0	 1
0.0526882964754	33.0	190.0	87.0	310.0	 1
0.0531436997937	32.0	191.0	87.0	310.0	 1
0.0559476639549	31.0	192.0	87.0	310.0	 1
0.0571251394366	30.0	193.0	87.0	310.0	 1
0.0574869396332	30.0	192.0	88.0	310.0	 2
0.0610549716135	29.0	193.0	88.0	310.0	 1
0.062369891394	29.0	192.0	89.0	310.0	 2
0.0655811004076	29.0	191.0	90.0	310.0	 2
0.0693899008616	29.0	190.0	91.0	310.0	 2
0.0712709119897	28.0	191.0	91.0	310.0	 1
0.072511174178	28.0	190.0	92.0	310.0	 2
0.0732883804686	28.0	189.0	93.0	310.0	 2
0.0755414887111	28.0	188.0	94.0	310.0	 2
0.0802000148117	28.0	187.0	95.0	310.0	 2
0.0815407917599	27.0	188.0	95.0	310.0	 1
0.0878833441036	26.0	189.0	95.0	310.0	 1
0.0898283269554	26.0	188.0	96.0	310.0	 2
0.0986061300987	26.0	187.0	97.0	310.0	 2
0.104121902966	26.0	186.0	98.0	310.0	 2
0.104762438781	26.0	185.0	99.0	310.0	 2
0.104786277894	26.0	184.0	100.0	310.0	 2
0.11331468267	25.0	185.0	100.0	310.0	 1
0.116605779219	25.0	184.0	101.0	310.0	 2
0.11931535265	25.0	183.0	102.0	310.0	 2
0.123403178851	24.0	184.0	102.0	310.0	 1
0.126590755523	23.0	185.0	102.0	310.0	 1
0.130607289554	23.0	184.0	103.0	310.0	 2
0.138014792748	23.0	183.0	104.0	310.0	 2
0.138536994793	23.0	182.0	105.0	310.0	 2
0.139760172412	23.0	181.0	106.0	310.0	 2
0.139816949987	23.0	180.0	107.0	310.0	 2
0.140646470735	23.0	179.0	108.0	310.0	 2
0.141063390714	23.0	178.0	109.0	310.0	 2
0.143633995448	23.0	177.0	110.0	310.0	 2
0.148275631874	23.0	176.0	111.0	310.0	 2
0.150441107299	23.0	175.0	112.0	310.0	 2
0.151612690885	23.0	174.0	113.0	310.0	 2
0.155222006531	23.0	173.0	114.0	310.0	 2
0.159718672829	22.0	174.0	114.0	310.0	 1
0.16195624131	22.0	173.0	115.0	310.0	 2
0.161969540511	22.0	172.0	116.0	310.0	 2
0.164117974154	21.0	173.0	116.0	310.0	 1
0.164241537475	21.0	172.0	117.0	310.0	 2
0.173693323873	20.0	173.0	117.0	310.0	 1
0.177188547475	19.0	174.0	117.0	310.0	 1
0.178333557657	19.0	173.0	118.0	310.0	 2
0.179504249462	19.0	172.0	119.0	310.0	 2
0.180380533939	19.0	171.0	120.0	310.0	 2
0.180441796568	18.0	172.0	120.0	310.0	 1
0.183110323386	18.0	171.0	121.0	310.0	 2
0.192120012098	17.0	172.0	121.0	310.0	 1
0.197180518753	17.0	171.0	122.0	310.0	 2
0.204858448572	17.0	170.0	123.0	310.0	 2
0.208257112001	16.0	171.0	123.0	310.0	 1
0.23398359163	16.0	170.0	124.0	310.0	 2
0.235149936342	15.0	171.0	124.0	310.0	 1
0.236270464994	15.0	170.0	125.0	310.0	 2
0.246455422503	15.0	169.0	126.0	310.0	 2
0.254368914582	14.0	170.0	126.0	310.0	 1
0.264373735454	14.0	169.0	127.0	310.0	 2
0.266841039776	14.0	168.0	128.0	310.0	 2
0.273787518252	13.0	169.0	128.0	310.0	 1
0.283253723483	12.0	170.0	128.0	310.0	 1
0.284833689561	11.0	171.0	128.0	310.0	 1
0.287633464526	11.0	170.0	129.0	310.0	 2
0.290897848345	11.0	169.0	130.0	310.0	 2
0.290959574958	11.0	168.0	131.0	310.0	 2
0.297877074435	11.0	167.0	132.0	310.0	 2
0.316953506391	11.0	166.0	133.0	310.0	 2
0.326897372499	11.0	165.0	134.0	310.0	 2
0.327286435019	11.0	164.0	135.0	310.0	 2
0.339566333612	11.0	163.0	136.0	310.0	 2
0.33989662438	10.0	164.0	136.0	310.0	 1
0.344345405855	10.0	163.0	137.0	310.0	 2
0.354860433948	10.0	162.0	138.0	310.0	 2
0.358201234194	10.0	161.0	139.0	310.0	 2
0.360332505869	10.0	160.0	140.0	310.0	 2
0.362812288195	10.0	159.0	141.0	310.0	 2
0.365392257883	10.0	158.0	142.0	310.0	 2
0.368858502957	10.0	157.0	143.0	310.0	 2
0.369997499564	10.0	156.0	144.0	310.0	 2
0.370390082072	10.0	155.0	145.0	310.0	 2
0.372077868884	10.0	154.0	146.0	310.0	 2
0.373789554165	10.0	153.0	147.0	310.0	 2
0.378216004857	10.0	152.0	148.0	310.0	 2
0.382492287901	10.0	151.0	149.0	310.0	 2
0.388895489234	10.0	150.0	150.0	310.0	 2
0.393388079841	9.0	151.0	150.0	310.0	 1
0.393655699303	9.0	150.0	151.0	310.0	 2
0.405075111278	9.0	149.0	152.0	310.0	 2
0.406253320878	8.0	150.0	152.0	310.0	 1
0.413897210813	8.0	149.0	153.0	310.0	 2
0.422899498124	8.0	148.0	154.0	310.0	 2
0.425415859943	7.0	149.0	154.0	310.0	 1
0.426090413676	7.0	148.0	155.0	310.0	 2
0.427091945744	7.0	147.0	156.0	310.0	 2
0.427303688569	7.0	146.0	157.0	310.0	 2
0.434291874794	7.0	145.0	158.0	310.0	 2
0.44200174217	7.0	144.0	159.0	310.0	 2
0.443327479972	7.0	143.0	160.0	310.0	 2
0.443707834724	7.0	142.0	161.0	310.0	 2
0.451352727808	7.0	141.0	162.0	310.0	 2
0.454545454545	7.0	141.0	162.0	310.0	 0
