# reactions: 2
Time	S	I	R	N	Fired Reaction
0.0	46.0	181.0	83.0	310.0	 0
0.00140211222169	45.0	182.0	83.0	310.0	 1
0.00219646039474	44.0	183.0	83.0	310.0	 1
0.00409747563145	43.0	184.0	83.0	310.0	 1
0.00899050066283	42.0	185.0	83.0	310.0	 1
0.0121680555127	41.0	186.0	83.0	310.0	 1
0.0137628781812	41.0	185.0	84.0	310.0	 2
0.0264531192353	41.0	184.0	85.0	310.0	 2
0.0277772665979	40.0	185.0	85.0	310.0	 1
0.0309805278472	40.0	184.0	86.0	310.0	 2
0.032368923389	40.0	183.0	87.0	310.0	 2
0.0334189475482	39.0	184.0	87.0	310.0	 1
0.0335421276387	38.0	185.0	87.0	310.0	 1
0.0433770963899	37.0	186.0	87.0	310.0	 1
0.0456661223857	36.0	187.0	87.0	310.0	 1
0.0465000669595	35.0	188.0	87.0	310.0	 1
0.0477447826317	35.0	187.0	88.0	310.0	 2
0.0500315338276	35.0	186.0	89.0	310.0	 2
0.0533175569856	35.0	185.0	90.0	310.0	 2
0.058149296969	34.0	186.0	90.0	310.0	 1
0.0607135554418	33.0	187.0	90.0	310.0	 1
0.0619015624738	32.0	188.0	90.0	310.0	 1
0.0632817110993	31.0	189.0	90.0	310.0	 1
0.0638575790354	30.0	190.0	90.0	310.0	 1
0.0657569097268	29.0	191.0	90.0	310.0	 1
0.0657653091914	28.0	192.0	90.0	310.0	 1
0.0661235636882	27.0	193.0	90.0	310.0	 1
0.0662661362963	26.0	194.0	90.0	310.0	 1
0.0684803617137	26.0	193.0	91.0	310.0	 2
0.0686665818013	25.0	194.0	91.0	310.0	 1
0.071563856226	25.0	193.0	92.0	310.0	 2
0.0727255255704	24.0	194.0	92.0	310.0	 1
0.0744818178271	23.0	195.0	92.0	310.0	 1
0.0750059277067	23.0	194.0	93.0	310.0	 2
0.0802764872312	22.0	195.0	93.0	310.0	 1
0.080938695789	22.0	194.0	94.0	310.0	 2
0.0813388282892	21.0	195.0	94.0	310.0	 1
0.0840402287259	20.0	196.0	94.0	310.0	 1
0.0932307320804	20.0	195.0	95.0	310.0	 2
0.0982274915517	20.0	194.0	96.0	310.0	 2
0.10485984801	19.0	195.0	96.0	310.0	 1
0.105273759747	19.0	194.0	97.0	310.0	 2
0.106805088308	19.0	193.0	98.0	310.0	 2
0.110002255669	18.0	194.0	98.0	310.0	 1
0.11482331857	18.0	193.0	99.0	310.0	 2
0.118556971468	18.0	192.0	100.0	310.0	 2
0.122065290012	17.0	193.0	100.0	310.0	 1
0.133058902305	17.0	192.0	101.0	310.0	 2
0.138530842638	17.0	191.0	102.0	310.0	 2
0.15129016477	17.0	190.0	103.0	310.0	 2
0.153230194767	17.0	189.0	104.0	310.0	 2
0.156884109203	17.0	188.0	105.0	310.0	 2
0.15835917707	17.0	187.0	106.0	310.0	 2
0.158521992056	17.0	186.0	107.0	310.0	 2
0.160643556927	17.0	185.0	108.0	310.0	 2
0.16064464129	16.0	186.0	108.0	310.0	 1
0.167306368881	16.0	185.0	109.0	310.0	 2
0.16908941999	16.0	184.0	110.0	310.0	 2
0.175456456553	16.0	183.0	111.0	310.0	 2
0.17706669681	15.0	184.0	111.0	310.0	 1
0.178200918959	15.0	183.0	112.0	310.0	 2
0.179370384609	15.0	182.0	113.0	310.0	 2
0.18584728611	15.0	181.0	114.0	310.0	 2
0.189699735409	15.0	180.0	115.0	310.0	 2
0.19411364353	15.0	179.0	116.0	310.0	 2
0.197060720677	14.0	180.0	116.0	310.0	 1
0.200168707739	14.0	179.0	117.0	310.0	 2
0.208012749891	14.0	178.0	118.0	310.0	 2
0.212170449766	13.0	179.0	118.0	310.0	 1
0.215722079859	13.0	178.0	119.0	310.0	 2
0.221170588102	12.0	179.0	119.0	310.0	 1
0.229042155233	11.0	180.0	119.0	310.0	 1
0.240134562752	11.0	179.0	120.0	310.0	 2
0.244988563957	11.0	178.0	121.0	310.0	 2
0.247374547213	11.0	177.0	122.0	310.0	 2
0.258589739132	10.0	178.0	122.0	310.0	 1
0.259368301658	10.0	177.0	123.0	310.0	 2
0.260697001885	10.0	176.0	124.0	310.0	 2
0.262647742211	9.0	177.0	124.0	310.0	 1
0.266217422284	8.0	178.0	124.0	310.0	 1
0.27296598403	8.0	177.0	125.0	310.0	 2
0.275565252561	8.0	176.0	126.0	310.0	 2
0.282393435711	7.0	177.0	126.0	310.0	 1
0.287620316512	7.0	176.0	127.0	310.0	 2
0.291484937116	7.0	175.0	128.0	310.0	 2
0.293789267803	7.0	174.0	129.0	310.0	 2
0.304895320125	7.0	173.0	130.0	310.0	 2
0.306159113491	7.0	172.0	131.0	310.0	 2
0.308018592242	7.0	171.0	132.0	310.0	 2
0.308317340422	7.0	170.0	133.0	310.0	 2
0.310966189344	6.0	171.0	133.0	310.0	 1
0.31097603237	6.0	170.0	134.0	310.0	 2
0.314279442847	5.0	171.0	134.0	310.0	 1
0.335252616844	5.0	170.0	135.0	310.0	 2
0.340678567435	5.0	169.0	136.0	310.0	 2
0.340973770287	5.0	168.0	137.0	310.0	 2
0.345929122045	5.0	167.0	138.0	310.0	 2
0.34594688543	5.0	166.0	139.0	310.0	 2
0.346113830299	4.0	167.0	139.0	310.0	 1
0.349532772157	4.0	166.0	140.0	310.0	 2
0.35590586326	4.0	165.0	141.0	310.0	 2
0.358068492691	4.0	164.0	142.0	310.0	 2
0.3605831071	4.0	163.0	143.0	310.0	 2
0.367962414313	4.0	162.0	144.0	310.0	 2
0.383275554045	4.0	161.0	145.0	310.0	 2
0.388862385808	4.0	160.0	146.0	310.0	 2
0.390369503948	4.0	159.0	147.0	310.0	 2
0.39272314249	4.0	158.0	148.0	310.0	 2
0.400286159515	4.0	157.0	149.0	310.0	 2
0.40173885655	4.0	156.0	150.0	310.0	 2
0.410623353969	4.0	155.0	151.0	310.0	 2
0.418353831119	4.0	154.0	152.0	310.0	 2
0.429410231501	4.0	153.0	153.0	310.0	 2
0.439400372047	4.0	152.0	154.0	310.0	 2
0.440113539528	4.0	151.0	155.0	310.0	 2
0.440370382808	4.0	150.0	156.0	310.0	 2
0.440396855913	4.0	149.0	157.0	310.0	 2
0.440764654647	4.0	148.0	158.0	310.0	 2
0.448786448715	4.0	147.0	159.0	310.0	 2
0.454545454545	4.0	147.0	159.0	310.0	 0
