# reactions: 2
Time	S	I	R	N	Fired Reaction
0.0	46.0	181.0	83.0	310.0	 0
0.001999271907	46.0	180.0	84.0	310.0	 2
0.00213975011194	45.0	181.0	84.0	310.0	 1
0.0031762984362	44.0	182.0	84.0	310.0	 1
0.00463272219645	44.0	181.0	85.0	310.0	 2
0.0142554509818	44.0	180.0	86.0	310.0	 2
0.0168390872256	44.0	179.0	87.0	310.0	 2
0.0211755821155	44.0	178.0	88.0	310.0	 2
0.0245913686545	44.0	177.0	89.0	310.0	 2
0.0253117235259	44.0	176.0	90.0	310.0	 2
0.0265988491647	44.0	175.0	91.0	310.0	 2
0.0316368905784	44.0	174.0	92.0	310.0	 2
0.0318975461145	44.0	173.0	93.0	310.0	 2
0.0333274657956	43.0	174.0	93.0	310.0	 1
0.0339133280678	42.0	175.0	93.0	310.0	 1
0.0339249037342	42.0	174.0	94.0	310.0	 2
0.0356474747095	42.0	173.0	95.0	310.0	 2
0.0393677943647	41.0	174.0	95.0	310.0	 1
0.0404173565044	40.0	175.0	95.0	310.0	 1
0.0406721303208	39.0	176.0	95.0	310.0	 1
0.0447731942104	38.0	177.0	95.0	310.0	 1
0.0448764923059	37.0	178.0	95.0	310.0	 1
0.0458915820436	36.0	179.0	95.0	310.0	 1
0.050983242015	35.0	180.0	95.0	310.0	 1
0.0537098993663	34.0	181.0	95.0	310.0	 1
0.0600138981712	33.0	182.0	95.0	310.0	 1
0.064279654193	32.0	183.0	95.0	310.0	 1
0.0682993475142	32.0	182.0	96.0	310.0	 2
0.0689774856335	32.0	181.0	97.0	310.0	 2
0.0695567098421	31.0	182.0	97.0	310.0	 1
0.0699376947718	31.0	181.0	98.0	310.0	 2
0.0708648394153	31.0	180.0	99.0	310.0	 2
0.0739013971287	30.0	181.0	99.0	310.0	 1
0.0745258333761	30.0	180.0	100.0	310.0	 2
0.0747475714247	29.0	181.0	100.0	310.0	 1
0.0763722011124	29.0	180.0	101.0	310.0	 2
0.0773269758704	29.0	179.0	102.0	310.0	 2
0.0786998413457	29.0	178.0	103.0	310.0	 2
0.0807669994242	29.0	177.0	104.0	310.0	 2
0.0867349836411	28.0	178.0	104.0	310.0	 1
0.0896776467027	27.0	179.0	104.0	310.0	 1
0.0921328812171	27.0	178.0	105.0	310.0	 2
0.0924824093508	27.0	177.0	106.0	310.0	 2
0.0967662232775	26.0	178.0	106.0	310.0	 1
0.0968320771832	26.0	177.0	107.0	310.0	 2
0.0977806409479	25.0	178.0	107.0	310.0	 1
0.107853663177	25.0	177.0	108.0	310.0	 2
0.112398857064	24.0	178.0	108.0	310.0	 1
0.113376642805	23.0	179.0	108.0	310.0	 1
0.114825120731	23.0	178.0	109.0	310.0	 2
0.127730190494	23.0	177.0	110.0	310.0	 2
0.128513506423	22.0	178.0	110.0	310.0	 1
0.131155166032	21.0	179.0	110.0	310.0	 1
0.137438897201	21.0	178.0	111.0	310.0	 2
0.137567062272	20.0	179.0	111.0	310.0	 1
0.137610618445	20.0	178.0	112.0	310.0	 2
0.138168493806	20.0	177.0	113.0	310.0	 2
0.140844984131	19.0	178.0	113.0	310.0	 1
0.143799658842	19.0	177.0	114.0	310.0	 2
0.15077166135	19.0	176.0	115.0	310.0	 2
0.153204311991	18.0	177.0	115.0	310.0	 1
0.160755835903	18.0	176.0	116.0	310.0	 2
0.166520136565	17.0	177.0	116.0	310.0	 1
0.166600122251	17.0	176.0	117.0	310.0	 2
0.171680614787	17.0	175.0	118.0	310.0	 2
0.17324041653	17.0	174.0	119.0	310.0	 2
0.173905626017	17.0	173.0	120.0	310.0	 2
0.177621461029	17.0	172.0	121.0	310.0	 2
0.179215861725	17.0	171.0	122.0	310.0	 2
0.18103520176	17.0	170.0	123.0	310.0	 2
0.184055994539	17.0	169.0	124.0	310.0	 2
0.186629162166	17.0	168.0	125.0	310.0	 2
0.189859702418	17.0	167.0	126.0	310.0	 2
0.201440775954	17.0	166.0	127.0	310.0	 2
0.210364130156	17.0	165.0	128.0	310.0	 2
0.213742571154	17.0	164.0	129.0	310.0	 2
0.218073360846	16.0	165.0	129.0	310.0	 1
0.222627431053	15.0	166.0	129.0	310.0	 1
0.224119277552	15.0	165.0	130.0	310.0	 2
0.231194434983	14.0	166.0	130.0	310.0	 1
0.247528145317	13.0	167.0	130.0	310.0	 1
0.24967169886	13.0	166.0	131.0	310.0	 2
0.253203697333	13.0	165.0	132.0	310.0	 2
0.254289774612	13.0	164.0	133.0	310.0	 2
0.257678029785	13.0	163.0	134.0	310.0	 2
0.260469384512	13.0	162.0	135.0	310.0	 2
0.264040851961	13.0	161.0	136.0	310.0	 2
0.271843973318	13.0	160.0	137.0	310.0	 2
0.284143047101	13.0	159.0	138.0	310.0	 2
0.293422452457	12.0	160.0	138.0	310.0	 1
0.298080689782	12.0	159.0	139.0	310.0	 2
0.311385984549	11.0	160.0	139.0	310.0	 1
0.312372215413	11.0	159.0	140.0	310.0	 2
0.324521771238	11.0	158.0	141.0	310.0	 2
0.324625123005	11.0	157.0	142.0	310.0	 2
0.333117996408	11.0	156.0	143.0	310.0	 2
0.334739325264	11.0	155.0	144.0	310.0	 2
0.349083955387	11.0	154.0	145.0	310.0	 2
0.350186234248	11.0	153.0	146.0	310.0	 2
0.357589785992	11.0	152.0	147.0	310.0	 2
0.357674514633	11.0	151.0	148.0	310.0	 2
0.357899579864	11.0	150.0	149.0	310.0	 2
0.361567656014	10.0	151.0	149.0	310.0	 1
0.368881244807	10.0	150.0	150.0	310.0	 2
0.386011288948	10.0	149.0	151.0	310.0	 2
0.389371082974	10.0	148.0	152.0	310.0	 2
0.39533340071	10.0	147.0	153.0	310.0	 2
0.397722058494	9.0	148.0	153.0	310.0	 1
0.405025497062	8.0	149.0	153.0	310.0	 1
0.409302614611	8.0	148.0	154.0	310.0	 2
0.411132293288	8.0	147.0	155.0	310.0	 2
0.417709539415	8.0	146.0	156.0	310.0	 2
0.427884293081	8.0	145.0	157.0	310.0	 2
0.429080790823	7.0	146.0	157.0	310.0	 1
0.444741768043	7.0	145.0	158.0	310.0	 2
0.454545454545	7.0	145.0	158.0	310.0	 0
