# reactions: 2
Time	S	I	R	N	Fired Reaction
0.0	46.0	181.0	83.0	310.0	 0
0.00332873734579	45.0	182.0	83.0	310.0	 1
0.00334454023728	44.0	183.0	83.0	310.0	 1
0.00573206378161	43.0	184.0	83.0	310.0	 1
0.00616477965367	42.0	185.0	83.0	310.0	 1
0.00726590329345	41.0	186.0	83.0	310.0	 1
0.00770290272001	40.0	187.0	83.0	310.0	 1
0.0144579781114	40.0	186.0	84.0	310.0	 2
0.0147176864943	40.0	185.0	85.0	310.0	 2
0.0156245948074	40.0	184.0	86.0	310.0	 2
0.0188661404706	39.0	185.0	86.0	310.0	 1
0.0197820772102	38.0	186.0	86.0	310.0	 1
0.0217527225318	37.0	187.0	86.0	310.0	 1
0.0253002957645	37.0	186.0	87.0	310.0	 2
0.0314277278514	37.0	185.0	88.0	310.0	 2
0.0318164711586	37.0	184.0	89.0	310.0	 2
0.0335378500223	36.0	185.0	89.0	310.0	 1
0.0372322842598	35.0	186.0	89.0	310.0	 1
0.0385071874527	34.0	187.0	89.0	310.0	 1
0.0418896004347	34.0	186.0	90.0	310.0	 2
0.0431890502152	34.0	185.0	91.0	310.0	 2
0.0466471693382	33.0	186.0	91.0	310.0	 1
0.0551189582482	33.0	185.0	92.0	310.0	 2
0.0551581939708	32.0	186.0	92.0	310.0	 1
0.0555575820664	31.0	187.0	92.0	310.0	 1
0.056690619324	31.0	186.0	93.0	310.0	 2
0.0569191536866	30.0	187.0	93.0	310.0	 1
0.0593628894634	30.0	186.0	94.0	310.0	 2
0.0603369971079	30.0	185.0	95.0	310.0	 2
0.0620514529365	29.0	186.0	95.0	310.0	 1
0.062666414268	28.0	187.0	95.0	310.0	 1
0.0632723006239	28.0	186.0	96.0	310.0	 2
0.0635232788508	28.0	185.0	97.0	310.0	 2
0.0644301414432	28.0	184.0	98.0	310.0	 2
0.0679795082907	27.0	185.0	98.0	310.0	 1
0.0689293680305	27.0	184.0	99.0	310.0	 2
0.0694886244107	26.0	185.0	99.0	310.0	 1
0.0744959235193	25.0	186.0	99.0	310.0	 1
0.0924730886423	24.0	187.0	99.0	310.0	 1
0.0931714131904	24.0	186.0	100.0	310.0	 2
0.0957139911228	24.0	185.0	101.0	310.0	 2
0.0987913004755	23.0	186.0	101.0	310.0	 1
0.104455876964	23.0	185.0	102.0	310.0	 2
0.104593192123	22.0	186.0	102.0	310.0	 1
0.105315744803	22.0	185.0	103.0	310.0	 2
0.105414329208	21.0	186.0	103.0	310.0	 1
0.111882396641	20.0	187.0	103.0	310.0	 1
0.113193015644	20.0	186.0	104.0	310.0	 2
0.117521044498	20.0	185.0	105.0	310.0	 2
0.121327933382	19.0	186.0	105.0	310.0	 1
0.122664824631	19.0	185.0	106.0	310.0	 2
0.12841361324	19.0	184.0	107.0	310.0	 2
0.129793826478	18.0	185.0	107.0	310.0	 1
0.129853817898	18.0	184.0	108.0	310.0	 2
0.132671154999	17.0	185.0	108.0	310.0	 1
0.133720911257	16.0	186.0	108.0	310.0	 1
0.136957191515	16.0	185.0	109.0	310.0	 2
0.13798714452	15.0	186.0	109.0	310.0	 1
0.140984074091	15.0	185.0	110.0	310.0	 2
0.146102100984	15.0	184.0	111.0	310.0	 2
0.146948764199	14.0	185.0	111.0	310.0	 1
0.147338556184	14.0	184.0	112.0	310.0	 2
0.15074287614	13.0	185.0	112.0	310.0	 1
0.153387274039	13.0	184.0	113.0	310.0	 2
0.156059758376	13.0	183.0	114.0	310.0	 2
0.161060966116	12.0	184.0	114.0	310.0	 1
0.161534905991	12.0	183.0	115.0	310.0	 2
0.167180871192	12.0	182.0	116.0	310.0	 2
0.168983087373	12.0	181.0	117.0	310.0	 2
0.170425447036	12.0	180.0	118.0	310.0	 2
0.170595955194	12.0	179.0	119.0	310.0	 2
0.171617285074	12.0	178.0	120.0	310.0	 2
0.185499605415	12.0	177.0	121.0	310.0	 2
0.188602020291	12.0	176.0	122.0	310.0	 2
0.189625337965	11.0	177.0	122.0	310.0	 1
0.192884848529	11.0	176.0	123.0	310.0	 2
0.198397391888	10.0	177.0	123.0	310.0	 1
0.203505534867	10.0	176.0	124.0	310.0	 2
0.209965028801	10.0	175.0	125.0	310.0	 2
0.211627163488	10.0	174.0	126.0	310.0	 2
0.214292638279	9.0	175.0	126.0	310.0	 1
0.216707021566	8.0	176.0	126.0	310.0	 1
0.220983171223	7.0	177.0	126.0	310.0	 1
0.221958956818	7.0	176.0	127.0	310.0	 2
0.224386279251	7.0	175.0	128.0	310.0	 2
0.225313840928	7.0	174.0	129.0	310.0	 2
0.227013393756	6.0	175.0	129.0	310.0	 1
0.227370849465	5.0	176.0	129.0	310.0	 1
0.22893718718	5.0	175.0	130.0	310.0	 2
0.230814697266	4.0	176.0	130.0	310.0	 1
0.242958921131	4.0	175.0	131.0	310.0	 2
0.250492772095	4.0	174.0	132.0	310.0	 2
0.254513434336	4.0	173.0	133.0	310.0	 2
0.26523614481	4.0	172.0	134.0	310.0	 2
0.276894537226	4.0	171.0	135.0	310.0	 2
0.280911309925	4.0	170.0	136.0	310.0	 2
0.283902869402	4.0	169.0	137.0	310.0	 2
0.294684652214	4.0	168.0	138.0	310.0	 2
0.296960128002	4.0	167.0	139.0	310.0	 2
0.31227279084	3.0	168.0	139.0	310.0	 1
0.315721122594	3.0	167.0	140.0	310.0	 2
0.324373513095	3.0	166.0	141.0	310.0	 2
0.325451117594	3.0	165.0	142.0	310.0	 2
0.329905577421	3.0	164.0	143.0	310.0	 2
0.33500084069	3.0	163.0	144.0	310.0	 2
0.338816735974	3.0	162.0	145.0	310.0	 2
0.33923632471	3.0	161.0	146.0	310.0	 2
0.342850406484	3.0	160.0	147.0	310.0	 2
0.343033264626	3.0	159.0	148.0	310.0	 2
0.344848486163	3.0	158.0	149.0	310.0	 2
0.346821231158	3.0	157.0	150.0	310.0	 2
0.347769023876	3.0	156.0	151.0	310.0	 2
0.36826729355	2.0	157.0	151.0	310.0	 1
0.374202128504	2.0	156.0	152.0	310.0	 2
0.378657402349	2.0	155.0	153.0	310.0	 2
0.383455041996	2.0	154.0	154.0	310.0	 2
0.387568486429	2.0	153.0	155.0	310.0	 2
0.399389634076	2.0	152.0	156.0	310.0	 2
0.402434248167	2.0	151.0	157.0	310.0	 2
0.403314214148	2.0	150.0	158.0	310.0	 2
0.410006306569	2.0	149.0	159.0	310.0	 2
0.412443755616	2.0	148.0	160.0	310.0	 2
0.412489185584	2.0	147.0	161.0	310.0	 2
0.422916382328	2.0	146.0	162.0	310.0	 2
0.424644091648	2.0	145.0	163.0	310.0	 2
0.432151826387	2.0	144.0	164.0	310.0	 2
0.442314248121	2.0	143.0	165.0	310.0	 2
0.442368296805	2.0	142.0	166.0	310.0	 2
0.445389206352	2.0	141.0	167.0	310.0	 2
0.451469088566	2.0	140.0	168.0	310.0	 2
0.454545454545	2.0	140.0	168.0	310.0	 0
