# reactions: 2
Time	S	I	R	N	Fired Reaction
0.0	46.0	181.0	83.0	310.0	 0
0.00404870234801	45.0	182.0	83.0	310.0	 1
0.00410925317567	45.0	181.0	84.0	310.0	 2
0.0104187336359	45.0	180.0	85.0	310.0	 2
0.0107594960228	44.0	181.0	85.0	310.0	 1
0.0110510604037	44.0	180.0	86.0	310.0	 2
0.0157030888928	44.0	179.0	87.0	310.0	 2
0.0161931165487	44.0	178.0	88.0	310.0	 2
0.02169115639	44.0	177.0	89.0	310.0	 2
0.0226400878369	43.0	178.0	89.0	310.0	 1
0.0234386642168	43.0	177.0	90.0	310.0	 2
0.0234864306243	43.0	176.0	91.0	310.0	 2
0.0281217003979	42.0	177.0	91.0	310.0	 1
0.029319526568	41.0	178.0	91.0	310.0	 1
0.0388679343874	41.0	177.0	92.0	310.0	 2
0.0504158712133	40.0	178.0	92.0	310.0	 1
0.0511377326733	39.0	179.0	92.0	310.0	 1
0.0530608750696	38.0	180.0	92.0	310.0	 1
0.0616870639987	38.0	179.0	93.0	310.0	 2
0.0621316292577	37.0	180.0	93.0	310.0	 1
0.0662002540247	37.0	179.0	94.0	310.0	 2
0.0722248163492	37.0	178.0	95.0	310.0	 2
0.0729889636824	36.0	179.0	95.0	310.0	 1
0.0773303957799	35.0	180.0	95.0	310.0	 1
0.0828240049413	35.0	179.0	96.0	310.0	 2
0.0855072273467	35.0	178.0	97.0	310.0	 2
0.0870396423424	35.0	177.0	98.0	310.0	 2
0.0880638776433	34.0	178.0	98.0	310.0	 1
0.0890890864949	33.0	179.0	98.0	310.0	 1
0.0916036950523	33.0	178.0	99.0	310.0	 2
0.092757527096	33.0	177.0	100.0	310.0	 2
0.0934198160786	33.0	176.0	101.0	310.0	 2
0.0945461173458	32.0	177.0	101.0	310.0	 1
0.0947689781622	31.0	178.0	101.0	310.0	 1
0.0960044979461	31.0	177.0	102.0	310.0	 2
0.0961702153347	30.0	178.0	102.0	310.0	 1
0.100984233465	30.0	177.0	103.0	310.0	 2
0.104883270382	29.0	178.0	103.0	310.0	 1
0.105144778087	28.0	179.0	103.0	310.0	 1
0.108154132911	28.0	178.0	104.0	310.0	 2
0.10819051214	27.0	179.0	104.0	310.0	 1
0.111511856664	27.0	178.0	105.0	310.0	 2
0.11539825192	27.0	177.0	106.0	310.0	 2
0.117238808734	26.0	178.0	106.0	310.0	 1
0.118090889951	25.0	179.0	106.0	310.0	 1
0.121280952934	25.0	178.0	107.0	310.0	 2
0.127710289889	24.0	179.0	107.0	310.0	 1
0.132841189052	24.0	178.0	108.0	310.0	 2
0.132894931761	24.0	177.0	109.0	310.0	 2
0.133597475901	24.0	176.0	110.0	310.0	 2
0.133620662673	24.0	175.0	111.0	310.0	 2
0.140722016772	23.0	176.0	111.0	310.0	 1
0.146130952906	23.0	175.0	112.0	310.0	 2
0.147939266053	23.0	174.0	113.0	310.0	 2
0.149522222044	22.0	175.0	113.0	310.0	 1
0.155116360586	22.0	174.0	114.0	310.0	 2
0.155647501194	22.0	173.0	115.0	310.0	 2
0.157232720743	22.0	172.0	116.0	310.0	 2
0.165265727461	21.0	173.0	116.0	310.0	 1
0.167365501425	21.0	172.0	117.0	310.0	 2
0.17061342614	20.0	173.0	117.0	310.0	 1
0.176218203603	19.0	174.0	117.0	310.0	 1
0.192322458996	19.0	173.0	118.0	310.0	 2
0.195978240205	19.0	172.0	119.0	310.0	 2
0.196048648484	19.0	171.0	120.0	310.0	 2
0.197654372157	19.0	170.0	121.0	310.0	 2
0.198328868876	18.0	171.0	121.0	310.0	 1
0.202427237648	17.0	172.0	121.0	310.0	 1
0.202985268525	17.0	171.0	122.0	310.0	 2
0.203313191346	16.0	172.0	122.0	310.0	 1
0.203675513649	15.0	173.0	122.0	310.0	 1
0.204879044933	15.0	172.0	123.0	310.0	 2
0.211654142974	14.0	173.0	123.0	310.0	 1
0.21742838888	14.0	172.0	124.0	310.0	 2
0.220410429352	14.0	171.0	125.0	310.0	 2
0.222953533303	14.0	170.0	126.0	310.0	 2
0.224213353007	14.0	169.0	127.0	310.0	 2
0.226326798997	14.0	168.0	128.0	310.0	 2
0.23228797246	14.0	167.0	129.0	310.0	 2
0.236590605728	13.0	168.0	129.0	310.0	 1
0.238893801561	12.0	169.0	129.0	310.0	 1
0.251109630975	11.0	170.0	129.0	310.0	 1
0.25367614005	11.0	169.0	130.0	310.0	 2
0.256300728668	11.0	168.0	131.0	310.0	 2
0.258261082209	11.0	167.0	132.0	310.0	 2
0.262000167944	10.0	168.0	132.0	310.0	 1
0.265489650312	10.0	167.0	133.0	310.0	 2
0.268871798659	10.0	166.0	134.0	310.0	 2
0.269986911366	9.0	167.0	134.0	310.0	 1
0.275275865622	9.0	166.0	135.0	310.0	 2
0.289930117475	9.0	165.0	136.0	310.0	 2
0.312494903211	9.0	164.0	137.0	310.0	 2
0.322176411278	9.0	163.0	138.0	310.0	 2
0.324159007527	9.0	162.0	139.0	310.0	 2
0.329663494261	9.0	161.0	140.0	310.0	 2
0.334407814308	9.0	160.0	141.0	310.0	 2
0.338907532632	9.0	159.0	142.0	310.0	 2
0.341141441369	9.0	158.0	143.0	310.0	 2
0.342469825533	8.0	159.0	143.0	310.0	 1
0.346280720184	8.0	158.0	144.0	310.0	 2
0.349175951636	8.0	157.0	145.0	310.0	 2
0.351615739714	8.0	156.0	146.0	310.0	 2
0.353850908695	8.0	155.0	147.0	310.0	 2
0.35928497982	8.0	154.0	148.0	310.0	 2
0.363865167227	8.0	153.0	149.0	310.0	 2
0.3705526049	8.0	152.0	150.0	310.0	 2
0.370557712959	8.0	151.0	151.0	310.0	 2
0.371028910705	8.0	150.0	152.0	310.0	 2
0.378758776411	8.0	149.0	153.0	310.0	 2
0.379773944451	8.0	148.0	154.0	310.0	 2
0.385217682726	7.0	149.0	154.0	310.0	 1
0.385833361853	7.0	148.0	155.0	310.0	 2
0.391670639452	7.0	147.0	156.0	310.0	 2
0.397795877839	7.0	146.0	157.0	310.0	 2
0.398313566589	7.0	145.0	158.0	310.0	 2
0.398343813268	7.0	144.0	159.0	310.0	 2
0.406985656333	7.0	143.0	160.0	310.0	 2
0.415874973647	7.0	142.0	161.0	310.0	 2
0.420679129734	7.0	141.0	162.0	310.0	 2
0.424330369426	6.0	142.0	162.0	310.0	 1
0.440712525793	6.0	141.0	163.0	310.0	 2
0.44426176186	6.0	140.0	164.0	310.0	 2
0.444381461413	6.0	139.0	165.0	310.0	 2
0.454545454545	6.0	139.0	165.0	310.0	 0
