# reactions: 2
Time	S	I	R	N	Fired Reaction
0.0	46.0	181.0	83.0	310.0	 0
0.00369919130609	45.0	182.0	83.0	310.0	 1
0.00786925754309	45.0	181.0	84.0	310.0	 2
0.0101987777577	44.0	182.0	84.0	310.0	 1
0.0104806444137	43.0	183.0	84.0	310.0	 1
0.0143856973041	43.0	182.0	85.0	310.0	 2
0.015918512302	43.0	181.0	86.0	310.0	 2
0.0163099444568	43.0	180.0	87.0	310.0	 2
0.0178215682452	43.0	179.0	88.0	310.0	 2
0.0260891487209	42.0	180.0	88.0	310.0	 1
0.0289769303133	41.0	181.0	88.0	310.0	 1
0.0341632117497	41.0	180.0	89.0	310.0	 2
0.0357000159867	41.0	179.0	90.0	310.0	 2
0.0357383586469	40.0	180.0	90.0	310.0	 1
0.0440960765029	39.0	181.0	90.0	310.0	 1
0.0448039451184	39.0	180.0	91.0	310.0	 2
0.0449812466951	38.0	181.0	91.0	310.0	 1
0.0467623531402	37.0	182.0	91.0	310.0	 1
0.0469215352898	37.0	181.0	92.0	310.0	 2
0.0490060402988	36.0	182.0	92.0	310.0	 1
0.0492509413736	35.0	183.0	92.0	310.0	 1
0.0496774066545	34.0	184.0	92.0	310.0	 1
0.0549288454703	33.0	185.0	92.0	310.0	 1
0.0621905350832	33.0	184.0	93.0	310.0	 2
0.0726396847356	33.0	183.0	94.0	310.0	 2
0.0742963935012	32.0	184.0	94.0	310.0	 1
0.0885012203364	32.0	183.0	95.0	310.0	 2
0.0936592378378	31.0	184.0	95.0	310.0	 1
0.0946412374885	31.0	183.0	96.0	310.0	 2
0.0981520179908	31.0	182.0	97.0	310.0	 2
0.0989731494766	31.0	181.0	98.0	310.0	 2
0.104075076319	30.0	182.0	98.0	310.0	 1
0.105397417005	29.0	183.0	98.0	310.0	 1
0.105974695866	28.0	184.0	98.0	310.0	 1
0.111917494129	28.0	183.0	99.0	310.0	 2
0.116500156946	27.0	184.0	99.0	310.0	 1
0.122513938766	26.0	185.0	99.0	310.0	 1
0.122872786808	26.0	184.0	100.0	310.0	 2
0.130646430627	25.0	185.0	100.0	310.0	 1
0.130769461875	25.0	184.0	101.0	310.0	 2
0.133130786375	25.0	183.0	102.0	310.0	 2
0.134453008092	25.0	182.0	103.0	310.0	 2
0.135731655772	25.0	181.0	104.0	310.0	 2
0.136665059067	25.0	180.0	105.0	310.0	 2
0.137519897368	25.0	179.0	106.0	310.0	 2
0.138218029539	24.0	180.0	106.0	310.0	 1
0.139424101611	23.0	181.0	106.0	310.0	 1
0.14038558182	22.0	182.0	106.0	310.0	 1
0.152573805334	22.0	181.0	107.0	310.0	 2
0.156179196953	21.0	182.0	107.0	310.0	 1
0.157438845263	20.0	183.0	107.0	310.0	 1
0.159359147491	20.0	182.0	108.0	310.0	 2
0.17093774729	20.0	181.0	109.0	310.0	 2
0.172552201659	20.0	180.0	110.0	310.0	 2
0.174521724055	20.0	179.0	111.0	310.0	 2
0.184352658922	19.0	180.0	111.0	310.0	 1
0.18687242727	18.0	181.0	111.0	310.0	 1
0.189070737016	17.0	182.0	111.0	310.0	 1
0.199828139829	17.0	181.0	112.0	310.0	 2
0.199915087549	17.0	180.0	113.0	310.0	 2
0.210098431319	17.0	179.0	114.0	310.0	 2
0.210242160517	17.0	178.0	115.0	310.0	 2
0.215923311001	17.0	177.0	116.0	310.0	 2
0.216676506623	16.0	178.0	116.0	310.0	 1
0.220064915714	16.0	177.0	117.0	310.0	 2
0.222162892653	16.0	176.0	118.0	310.0	 2
0.223753680567	16.0	175.0	119.0	310.0	 2
0.2311256301	15.0	176.0	119.0	310.0	 1
0.233375000788	14.0	177.0	119.0	310.0	 1
0.234906550974	13.0	178.0	119.0	310.0	 1
0.243086967712	13.0	177.0	120.0	310.0	 2
0.245843027476	13.0	176.0	121.0	310.0	 2
0.246566922459	13.0	175.0	122.0	310.0	 2
0.247937144819	13.0	174.0	123.0	310.0	 2
0.24844524052	13.0	173.0	124.0	310.0	 2
0.254543413979	12.0	174.0	124.0	310.0	 1
0.256494918826	12.0	173.0	125.0	310.0	 2
0.259142686798	12.0	172.0	126.0	310.0	 2
0.266778945219	12.0	171.0	127.0	310.0	 2
0.270541579879	11.0	172.0	127.0	310.0	 1
0.275878325777	11.0	171.0	128.0	310.0	 2
0.283602793132	11.0	170.0	129.0	310.0	 2
0.286357931385	10.0	171.0	129.0	310.0	 1
0.294054154125	10.0	170.0	130.0	310.0	 2
0.299074551697	10.0	169.0	131.0	310.0	 2
0.300523919532	9.0	170.0	131.0	310.0	 1
0.300749008904	9.0	169.0	132.0	310.0	 2
0.302037379335	9.0	168.0	133.0	310.0	 2
0.304208754706	9.0	167.0	134.0	310.0	 2
0.318250002694	9.0	166.0	135.0	310.0	 2
0.320555325628	9.0	165.0	136.0	310.0	 2
0.32557743914	9.0	164.0	137.0	310.0	 2
0.329209500478	9.0	163.0	138.0	310.0	 2
0.346214602901	8.0	164.0	138.0	310.0	 1
0.357019918345	7.0	165.0	138.0	310.0	 1
0.367312230093	6.0	166.0	138.0	310.0	 1
0.376754650199	5.0	167.0	138.0	310.0	 1
0.377324322094	5.0	166.0	139.0	310.0	 2
0.37850619425	5.0	165.0	140.0	310.0	 2
0.387721681849	5.0	164.0	141.0	310.0	 2
0.405760951882	5.0	163.0	142.0	310.0	 2
0.410558618873	5.0	162.0	143.0	310.0	 2
0.411006209957	5.0	161.0	144.0	310.0	 2
0.412200063113	5.0	160.0	145.0	310.0	 2
0.416695103871	5.0	159.0	146.0	310.0	 2
0.423803755543	5.0	158.0	147.0	310.0	 2
0.429524476221	4.0	159.0	147.0	310.0	 1
0.432218235208	4.0	158.0	148.0	310.0	 2
0.43311773303	4.0	157.0	149.0	310.0	 2
0.44160548133	4.0	156.0	150.0	310.0	 2
0.444853485769	4.0	155.0	151.0	310.0	 2
0.450698139929	4.0	154.0	152.0	310.0	 2
0.454545454545	4.0	154.0	152.0	310.0	 0
