# reactions: 2
Time	S	I	R	N	Fired Reaction
0.0	46.0	181.0	83.0	310.0	 0
0.00446634586555	46.0	180.0	84.0	310.0	 2
0.0045191648447	46.0	179.0	85.0	310.0	 2
0.0077556816885	45.0	180.0	85.0	310.0	 1
0.0114638983936	44.0	181.0	85.0	310.0	 1
0.0211668056114	43.0	182.0	85.0	310.0	 1
0.0212284170169	43.0	181.0	86.0	310.0	 2
0.0219176060053	42.0	182.0	86.0	310.0	 1
0.0250950280595	41.0	183.0	86.0	310.0	 1
0.0287533150531	40.0	184.0	86.0	310.0	 1
0.0322029157636	39.0	185.0	86.0	310.0	 1
0.0325333072993	39.0	184.0	87.0	310.0	 2
0.0350022710217	38.0	185.0	87.0	310.0	 1
0.0360983893335	37.0	186.0	87.0	310.0	 1
0.0469703927381	37.0	185.0	88.0	310.0	 2
0.0498885595731	37.0	184.0	89.0	310.0	 2
0.0509139672014	36.0	185.0	89.0	310.0	 1
0.0602435534673	35.0	186.0	89.0	310.0	 1
0.0618070271051	34.0	187.0	89.0	310.0	 1
0.0655351888949	34.0	186.0	90.0	310.0	 2
0.0673275959091	34.0	185.0	91.0	310.0	 2
0.0735186100379	33.0	186.0	91.0	310.0	 1
0.0758523081668	33.0	185.0	92.0	310.0	 2
0.0778373003917	32.0	186.0	92.0	310.0	 1
0.0822869095563	31.0	187.0	92.0	310.0	 1
0.0848427572193	30.0	188.0	92.0	310.0	 1
0.0857020289529	29.0	189.0	92.0	310.0	 1
0.0864879060944	28.0	190.0	92.0	310.0	 1
0.0875227644776	28.0	189.0	93.0	310.0	 2
0.091132629352	27.0	190.0	93.0	310.0	 1
0.0963406541737	27.0	189.0	94.0	310.0	 2
0.1017855478	27.0	188.0	95.0	310.0	 2
0.104149873036	27.0	187.0	96.0	310.0	 2
0.104475950598	27.0	186.0	97.0	310.0	 2
0.108620901627	27.0	185.0	98.0	310.0	 2
0.110699040773	26.0	186.0	98.0	310.0	 1
0.115577495327	26.0	185.0	99.0	310.0	 2
0.115787701384	26.0	184.0	100.0	310.0	 2
0.116904394003	26.0	183.0	101.0	310.0	 2
0.118727632577	25.0	184.0	101.0	310.0	 1
0.121677675017	24.0	185.0	101.0	310.0	 1
0.125016620337	24.0	184.0	102.0	310.0	 2
0.128556955164	24.0	183.0	103.0	310.0	 2
0.134275497232	24.0	182.0	104.0	310.0	 2
0.135701919846	23.0	183.0	104.0	310.0	 1
0.135954589779	23.0	182.0	105.0	310.0	 2
0.142691805523	22.0	183.0	105.0	310.0	 1
0.143552769881	22.0	182.0	106.0	310.0	 2
0.150922303476	22.0	181.0	107.0	310.0	 2
0.153753432544	22.0	180.0	108.0	310.0	 2
0.154891530079	22.0	179.0	109.0	310.0	 2
0.156205959108	22.0	178.0	110.0	310.0	 2
0.157703314639	22.0	177.0	111.0	310.0	 2
0.168029967622	22.0	176.0	112.0	310.0	 2
0.169912915272	22.0	175.0	113.0	310.0	 2
0.173001473964	22.0	174.0	114.0	310.0	 2
0.177254082337	22.0	173.0	115.0	310.0	 2
0.182298517893	22.0	172.0	116.0	310.0	 2
0.18508876926	22.0	171.0	117.0	310.0	 2
0.186433112393	22.0	170.0	118.0	310.0	 2
0.188228234914	22.0	169.0	119.0	310.0	 2
0.196114698776	21.0	170.0	119.0	310.0	 1
0.200053658317	21.0	169.0	120.0	310.0	 2
0.201030661255	20.0	170.0	120.0	310.0	 1
0.201772515726	20.0	169.0	121.0	310.0	 2
0.213360880245	20.0	168.0	122.0	310.0	 2
0.217276055521	19.0	169.0	122.0	310.0	 1
0.217805611966	18.0	170.0	122.0	310.0	 1
0.217835343939	18.0	169.0	123.0	310.0	 2
0.22223814258	17.0	170.0	123.0	310.0	 1
0.231341237614	17.0	169.0	124.0	310.0	 2
0.233935031819	16.0	170.0	124.0	310.0	 1
0.23614104268	16.0	169.0	125.0	310.0	 2
0.237783184067	16.0	168.0	126.0	310.0	 2
0.240709030545	16.0	167.0	127.0	310.0	 2
0.241456536171	16.0	166.0	128.0	310.0	 2
0.242221294327	16.0	165.0	129.0	310.0	 2
0.242625224808	16.0	164.0	130.0	310.0	 2
0.252803229579	16.0	163.0	131.0	310.0	 2
0.256574672757	16.0	162.0	132.0	310.0	 2
0.260098754079	15.0	163.0	132.0	310.0	 1
0.268274691997	15.0	162.0	133.0	310.0	 2
0.271071313892	14.0	163.0	133.0	310.0	 1
0.271966850513	13.0	164.0	133.0	310.0	 1
0.27751649695	13.0	163.0	134.0	310.0	 2
0.280246421918	12.0	164.0	134.0	310.0	 1
0.290297986229	12.0	163.0	135.0	310.0	 2
0.290465889926	12.0	162.0	136.0	310.0	 2
0.292337248293	12.0	161.0	137.0	310.0	 2
0.294476207183	12.0	160.0	138.0	310.0	 2
0.295960010116	12.0	159.0	139.0	310.0	 2
0.29823356402	12.0	158.0	140.0	310.0	 2
0.298991119357	12.0	157.0	141.0	310.0	 2
0.308588451159	12.0	156.0	142.0	310.0	 2
0.308727390558	12.0	155.0	143.0	310.0	 2
0.309341503829	11.0	156.0	143.0	310.0	 1
0.349952925308	11.0	155.0	144.0	310.0	 2
0.354774787636	11.0	154.0	145.0	310.0	 2
0.357815840665	11.0	153.0	146.0	310.0	 2
0.359235433272	11.0	152.0	147.0	310.0	 2
0.368555795432	11.0	151.0	148.0	310.0	 2
0.37279814408	11.0	150.0	149.0	310.0	 2
0.37629002404	11.0	149.0	150.0	310.0	 2
0.383458286308	10.0	150.0	150.0	310.0	 1
0.388362109597	10.0	149.0	151.0	310.0	 2
0.392802165056	10.0	148.0	152.0	310.0	 2
0.400937986989	10.0	147.0	153.0	310.0	 2
0.402197656204	10.0	146.0	154.0	310.0	 2
0.403695913555	10.0	145.0	155.0	310.0	 2
0.407543254156	10.0	144.0	156.0	310.0	 2
0.415289747677	10.0	143.0	157.0	310.0	 2
0.419896789919	10.0	142.0	158.0	310.0	 2
0.424253041263	10.0	141.0	159.0	310.0	 2
0.449900585802	10.0	140.0	160.0	310.0	 2
0.454545454545	10.0	140.0	160.0	310.0	 0
