# reactions: 2
Time	S	I	R	N	Fired Reaction
0.0	46.0	181.0	83.0	310.0	 0
0.00131827576967	45.0	182.0	83.0	310.0	 1
0.00879258290916	45.0	181.0	84.0	310.0	 2
0.00932560924403	45.0	180.0	85.0	310.0	 2
0.00950962850022	44.0	181.0	85.0	310.0	 1
0.0162521683427	44.0	180.0	86.0	310.0	 2
0.0196437587696	43.0	181.0	86.0	310.0	 1
0.0251346065636	42.0	182.0	86.0	310.0	 1
0.0252819942344	42.0	181.0	87.0	310.0	 2
0.0273730885683	41.0	182.0	87.0	310.0	 1
0.0284148740635	40.0	183.0	87.0	310.0	 1
0.0330615504327	39.0	184.0	87.0	310.0	 1
0.0436815731778	38.0	185.0	87.0	310.0	 1
0.0463281107135	38.0	184.0	88.0	310.0	 2
0.0537562277525	37.0	185.0	88.0	310.0	 1
0.0554847332727	36.0	186.0	88.0	310.0	 1
0.0615604439643	35.0	187.0	88.0	310.0	 1
0.0628243861079	34.0	188.0	88.0	310.0	 1
0.0653129209563	34.0	187.0	89.0	310.0	 2
0.0660417822253	34.0	186.0	90.0	310.0	 2
0.0672801297515	33.0	187.0	90.0	310.0	 1
0.0682930250684	32.0	188.0	90.0	310.0	 1
0.0714390544578	32.0	187.0	91.0	310.0	 2
0.0736546520029	31.0	188.0	91.0	310.0	 1
0.0759708867083	30.0	189.0	91.0	310.0	 1
0.0764261970041	30.0	188.0	92.0	310.0	 2
0.0771085098419	30.0	187.0	93.0	310.0	 2
0.0886442417741	29.0	188.0	93.0	310.0	 1
0.0933893025828	29.0	187.0	94.0	310.0	 2
0.0946377620605	28.0	188.0	94.0	310.0	 1
0.0974046485186	27.0	189.0	94.0	310.0	 1
0.102324340028	26.0	190.0	94.0	310.0	 1
0.103169499611	25.0	191.0	94.0	310.0	 1
0.105753373817	24.0	192.0	94.0	310.0	 1
0.110291192455	24.0	191.0	95.0	310.0	 2
0.113110943286	23.0	192.0	95.0	310.0	 1
0.114656723484	22.0	193.0	95.0	310.0	 1
0.11533475386	22.0	192.0	96.0	310.0	 2
0.116470307015	22.0	191.0	97.0	310.0	 2
0.128172301943	21.0	192.0	97.0	310.0	 1
0.129426992058	21.0	191.0	98.0	310.0	 2
0.129700165429	21.0	190.0	99.0	310.0	 2
0.133265651067	21.0	189.0	100.0	310.0	 2
0.146599993832	21.0	188.0	101.0	310.0	 2
0.147623504372	20.0	189.0	101.0	310.0	 1
0.151511158785	20.0	188.0	102.0	310.0	 2
0.152762241355	20.0	187.0	103.0	310.0	 2
0.156408296801	20.0	186.0	104.0	310.0	 2
0.159225822762	20.0	185.0	105.0	310.0	 2
0.160354065199	19.0	186.0	105.0	310.0	 1
0.165881551608	19.0	185.0	106.0	310.0	 2
0.167905833959	19.0	184.0	107.0	310.0	 2
0.1716104667	19.0	183.0	108.0	310.0	 2
0.173807487985	18.0	184.0	108.0	310.0	 1
0.17643593323	18.0	183.0	109.0	310.0	 2
0.180800028678	18.0	182.0	110.0	310.0	 2
0.185061727004	18.0	181.0	111.0	310.0	 2
0.187456444698	18.0	180.0	112.0	310.0	 2
0.201392519385	17.0	181.0	112.0	310.0	 1
0.202401099765	17.0	180.0	113.0	310.0	 2
0.203745070872	17.0	179.0	114.0	310.0	 2
0.213254747124	16.0	180.0	114.0	310.0	 1
0.214352620341	15.0	181.0	114.0	310.0	 1
0.215561013833	15.0	180.0	115.0	310.0	 2
0.219002915705	15.0	179.0	116.0	310.0	 2
0.219113845114	15.0	178.0	117.0	310.0	 2
0.220641196344	14.0	179.0	117.0	310.0	 1
0.222590027291	14.0	178.0	118.0	310.0	 2
0.223438576539	14.0	177.0	119.0	310.0	 2
0.224747369346	14.0	176.0	120.0	310.0	 2
0.227075219505	13.0	177.0	120.0	310.0	 1
0.228136788357	13.0	176.0	121.0	310.0	 2
0.230131118986	13.0	175.0	122.0	310.0	 2
0.231335244306	13.0	174.0	123.0	310.0	 2
0.231398288193	13.0	173.0	124.0	310.0	 2
0.232473584186	13.0	172.0	125.0	310.0	 2
0.234266682497	13.0	171.0	126.0	310.0	 2
0.236099577031	13.0	170.0	127.0	310.0	 2
0.241213358847	13.0	169.0	128.0	310.0	 2
0.242034892283	13.0	168.0	129.0	310.0	 2
0.245798582669	13.0	167.0	130.0	310.0	 2
0.24855889494	13.0	166.0	131.0	310.0	 2
0.249214420066	12.0	167.0	131.0	310.0	 1
0.24938453782	12.0	166.0	132.0	310.0	 2
0.253468658413	12.0	165.0	133.0	310.0	 2
0.255092650398	12.0	164.0	134.0	310.0	 2
0.259647047041	12.0	163.0	135.0	310.0	 2
0.259943309954	11.0	164.0	135.0	310.0	 1
0.270857914199	11.0	163.0	136.0	310.0	 2
0.272361396993	10.0	164.0	136.0	310.0	 1
0.27732627929	10.0	163.0	137.0	310.0	 2
0.278423860179	10.0	162.0	138.0	310.0	 2
0.283840959597	10.0	161.0	139.0	310.0	 2
0.286694751302	10.0	160.0	140.0	310.0	 2
0.299530934757	9.0	161.0	140.0	310.0	 1
0.30282801913	9.0	160.0	141.0	310.0	 2
0.32515311109	9.0	159.0	142.0	310.0	 2
0.337920607969	9.0	158.0	143.0	310.0	 2
0.342151138123	9.0	157.0	144.0	310.0	 2
0.349202469513	9.0	156.0	145.0	310.0	 2
0.369258788945	9.0	155.0	146.0	310.0	 2
0.380049519793	8.0	156.0	146.0	310.0	 1
0.383331949518	8.0	155.0	147.0	310.0	 2
0.383378159127	7.0	156.0	147.0	310.0	 1
0.39407577461	7.0	155.0	148.0	310.0	 2
0.398761209994	7.0	154.0	149.0	310.0	 2
0.403494590069	7.0	153.0	150.0	310.0	 2
0.406451354114	6.0	154.0	150.0	310.0	 1
0.407767158772	6.0	153.0	151.0	310.0	 2
0.413571263233	6.0	152.0	152.0	310.0	 2
0.41414683691	6.0	151.0	153.0	310.0	 2
0.415267048131	6.0	150.0	154.0	310.0	 2
0.415847665942	6.0	149.0	155.0	310.0	 2
0.416345436171	5.0	150.0	155.0	310.0	 1
0.422325017679	5.0	149.0	156.0	310.0	 2
0.435428463435	5.0	148.0	157.0	310.0	 2
0.439991553951	4.0	149.0	157.0	310.0	 1
0.444978481113	4.0	148.0	158.0	310.0	 2
0.454545454545	4.0	148.0	158.0	310.0	 0
