# reactions: 2
Time	S	I	R	N	Fired Reaction
0.0	46.0	181.0	83.0	310.0	 0
0.00162520226177	45.0	182.0	83.0	310.0	 1
0.00211193275109	44.0	183.0	83.0	310.0	 1
0.00600571519063	43.0	184.0	83.0	310.0	 1
0.00903977798184	43.0	183.0	84.0	310.0	 2
0.00988471208804	42.0	184.0	84.0	310.0	 1
0.0139515845245	41.0	185.0	84.0	310.0	 1
0.0151272089547	40.0	186.0	84.0	310.0	 1
0.0196625007341	39.0	187.0	84.0	310.0	 1
0.0213215073106	38.0	188.0	84.0	310.0	 1
0.0238828857101	38.0	187.0	85.0	310.0	 2
0.0273850815021	38.0	186.0	86.0	310.0	 2
0.0355742627124	37.0	187.0	86.0	310.0	 1
0.0372054929094	36.0	188.0	86.0	310.0	 1
0.0397904367012	36.0	187.0	87.0	310.0	 2
0.0451215582314	36.0	186.0	88.0	310.0	 2
0.047340590416	35.0	187.0	88.0	310.0	 1
0.0475794502271	34.0	188.0	88.0	310.0	 1
0.0528768142761	34.0	187.0	89.0	310.0	 2
0.05755035193	34.0	186.0	90.0	310.0	 2
0.058890700815	33.0	187.0	90.0	310.0	 1
0.0598675910615	32.0	188.0	90.0	310.0	 1
0.0608825727716	31.0	189.0	90.0	310.0	 1
0.0614102421746	31.0	188.0	91.0	310.0	 2
0.0637748253085	31.0	187.0	92.0	310.0	 2
0.0668765759677	31.0	186.0	93.0	310.0	 2
0.0669543207166	30.0	187.0	93.0	310.0	 1
0.0678417704725	29.0	188.0	93.0	310.0	 1
0.0696390159672	29.0	187.0	94.0	310.0	 2
0.0726172182597	29.0	186.0	95.0	310.0	 2
0.0737776775161	29.0	185.0	96.0	310.0	 2
0.0746011917424	28.0	186.0	96.0	310.0	 1
0.0758983743095	28.0	185.0	97.0	310.0	 2
0.0784121227565	28.0	184.0	98.0	310.0	 2
0.0918899078277	28.0	183.0	99.0	310.0	 2
0.100143781711	27.0	184.0	99.0	310.0	 1
0.109720157056	27.0	183.0	100.0	310.0	 2
0.110104487332	27.0	182.0	101.0	310.0	 2
0.111381083177	26.0	183.0	101.0	310.0	 1
0.111522857335	25.0	184.0	101.0	310.0	 1
0.11589153622	24.0	185.0	101.0	310.0	 1
0.118772570138	23.0	186.0	101.0	310.0	 1
0.120208381808	22.0	187.0	101.0	310.0	 1
0.124818452436	22.0	186.0	102.0	310.0	 2
0.131595939377	21.0	187.0	102.0	310.0	 1
0.132941270319	20.0	188.0	102.0	310.0	 1
0.133726679684	19.0	189.0	102.0	310.0	 1
0.133931501882	19.0	188.0	103.0	310.0	 2
0.136699291783	19.0	187.0	104.0	310.0	 2
0.140540606787	19.0	186.0	105.0	310.0	 2
0.145099920066	19.0	185.0	106.0	310.0	 2
0.154242284006	19.0	184.0	107.0	310.0	 2
0.155172414411	19.0	183.0	108.0	310.0	 2
0.163962560894	19.0	182.0	109.0	310.0	 2
0.165841853204	19.0	181.0	110.0	310.0	 2
0.170000016893	18.0	182.0	110.0	310.0	 1
0.170746577081	17.0	183.0	110.0	310.0	 1
0.172333361739	17.0	182.0	111.0	310.0	 2
0.175135690782	17.0	181.0	112.0	310.0	 2
0.176709001369	17.0	180.0	113.0	310.0	 2
0.180233047605	17.0	179.0	114.0	310.0	 2
0.183489916319	17.0	178.0	115.0	310.0	 2
0.185072783733	17.0	177.0	116.0	310.0	 2
0.19650457137	16.0	178.0	116.0	310.0	 1
0.196603033669	16.0	177.0	117.0	310.0	 2
0.20095857999	15.0	178.0	117.0	310.0	 1
0.203254842195	15.0	177.0	118.0	310.0	 2
0.208648329515	15.0	176.0	119.0	310.0	 2
0.221760653382	15.0	175.0	120.0	310.0	 2
0.228152007376	15.0	174.0	121.0	310.0	 2
0.229501645575	14.0	175.0	121.0	310.0	 1
0.230475349579	14.0	174.0	122.0	310.0	 2
0.247061274465	14.0	173.0	123.0	310.0	 2
0.25082518606	14.0	172.0	124.0	310.0	 2
0.256163019454	14.0	171.0	125.0	310.0	 2
0.256331169618	14.0	170.0	126.0	310.0	 2
0.261986712196	14.0	169.0	127.0	310.0	 2
0.27923631308	13.0	170.0	127.0	310.0	 1
0.287984351477	13.0	169.0	128.0	310.0	 2
0.288095222485	13.0	168.0	129.0	310.0	 2
0.288267714954	13.0	167.0	130.0	310.0	 2
0.288588819227	12.0	168.0	130.0	310.0	 1
0.293871135449	12.0	167.0	131.0	310.0	 2
0.30912260499	12.0	166.0	132.0	310.0	 2
0.321012611762	12.0	165.0	133.0	310.0	 2
0.324290013139	12.0	164.0	134.0	310.0	 2
0.340243114948	11.0	165.0	134.0	310.0	 1
0.344220883378	11.0	164.0	135.0	310.0	 2
0.347945913506	11.0	163.0	136.0	310.0	 2
0.352328848655	10.0	164.0	136.0	310.0	 1
0.352549559257	10.0	163.0	137.0	310.0	 2
0.359427350413	10.0	162.0	138.0	310.0	 2
0.361725722302	10.0	161.0	139.0	310.0	 2
0.362605041607	10.0	160.0	140.0	310.0	 2
0.363124684949	10.0	159.0	141.0	310.0	 2
0.366504706815	10.0	158.0	142.0	310.0	 2
0.367374701535	9.0	159.0	142.0	310.0	 1
0.377682596538	9.0	158.0	143.0	310.0	 2
0.385409653932	9.0	157.0	144.0	310.0	 2
0.386906152354	9.0	156.0	145.0	310.0	 2
0.392012590112	9.0	155.0	146.0	310.0	 2
0.392776243247	9.0	154.0	147.0	310.0	 2
0.393576172667	9.0	153.0	148.0	310.0	 2
0.399170607257	9.0	152.0	149.0	310.0	 2
0.399684842066	9.0	151.0	150.0	310.0	 2
0.40171097512	9.0	150.0	151.0	310.0	 2
0.407197077446	9.0	149.0	152.0	310.0	 2
0.411231236851	9.0	148.0	153.0	310.0	 2
0.412446782515	9.0	147.0	154.0	310.0	 2
0.415641620846	9.0	146.0	155.0	310.0	 2
0.419494086591	9.0	145.0	156.0	310.0	 2
0.419630638314	9.0	144.0	157.0	310.0	 2
0.420283267484	9.0	143.0	158.0	310.0	 2
0.426151063944	9.0	142.0	159.0	310.0	 2
0.428266702762	9.0	141.0	160.0	310.0	 2
0.433030544934	9.0	140.0	161.0	310.0	 2
0.446401770899	8.0	141.0	161.0	310.0	 1
0.452332417995	8.0	140.0	162.0	310.0	 2
0.454545454545	8.0	140.0	162.0	310.0	 0
