# reactions: 2
Time	S	I	R	N	Fired Reaction
0.0	46.0	181.0	83.0	310.0	 0
0.000903665403478	46.0	180.0	84.0	310.0	 2
0.00183055983523	45.0	181.0	84.0	310.0	 1
0.00200214402902	44.0	182.0	84.0	310.0	 1
0.00231011159539	43.0	183.0	84.0	310.0	 1
0.00744079642519	43.0	182.0	85.0	310.0	 2
0.0140637757868	42.0	183.0	85.0	310.0	 1
0.0183181775201	42.0	182.0	86.0	310.0	 2
0.0191243894547	41.0	183.0	86.0	310.0	 1
0.0206541380217	41.0	182.0	87.0	310.0	 2
0.0235668170478	40.0	183.0	87.0	310.0	 1
0.0237371519422	40.0	182.0	88.0	310.0	 2
0.0241134654214	39.0	183.0	88.0	310.0	 1
0.0276322813096	38.0	184.0	88.0	310.0	 1
0.0280597045842	37.0	185.0	88.0	310.0	 1
0.028278516085	37.0	184.0	89.0	310.0	 2
0.0285163078634	37.0	183.0	90.0	310.0	 2
0.0297048091745	36.0	184.0	90.0	310.0	 1
0.0371231791971	35.0	185.0	90.0	310.0	 1
0.0381551217716	34.0	186.0	90.0	310.0	 1
0.0427635378507	34.0	185.0	91.0	310.0	 2
0.0446152852747	34.0	184.0	92.0	310.0	 2
0.049579045926	33.0	185.0	92.0	310.0	 1
0.0522204712577	33.0	184.0	93.0	310.0	 2
0.0602901840265	33.0	183.0	94.0	310.0	 2
0.060976607085	33.0	182.0	95.0	310.0	 2
0.0638708441268	32.0	183.0	95.0	310.0	 1
0.0648918887763	32.0	182.0	96.0	310.0	 2
0.0679570910164	31.0	183.0	96.0	310.0	 1
0.0685858478326	31.0	182.0	97.0	310.0	 2
0.0732731196743	30.0	183.0	97.0	310.0	 1
0.0734468892373	29.0	184.0	97.0	310.0	 1
0.0766120727781	29.0	183.0	98.0	310.0	 2
0.0768991550327	29.0	182.0	99.0	310.0	 2
0.0774551979314	29.0	181.0	100.0	310.0	 2
0.0796219387771	28.0	182.0	100.0	310.0	 1
0.079633026868	27.0	183.0	100.0	310.0	 1
0.0838034666115	27.0	182.0	101.0	310.0	 2
0.0861273695656	27.0	181.0	102.0	310.0	 2
0.0891349638444	27.0	180.0	103.0	310.0	 2
0.0912418294172	27.0	179.0	104.0	310.0	 2
0.0920878507906	26.0	180.0	104.0	310.0	 1
0.0977217361036	25.0	181.0	104.0	310.0	 1
0.10041867767	25.0	180.0	105.0	310.0	 2
0.102488955723	25.0	179.0	106.0	310.0	 2
0.104829559588	25.0	178.0	107.0	310.0	 2
0.105145850357	25.0	177.0	108.0	310.0	 2
0.105458753846	25.0	176.0	109.0	310.0	 2
0.110221810625	24.0	177.0	109.0	310.0	 1
0.112407012683	24.0	176.0	110.0	310.0	 2
0.114498782155	24.0	175.0	111.0	310.0	 2
0.115028357858	24.0	174.0	112.0	310.0	 2
0.118083845729	24.0	173.0	113.0	310.0	 2
0.123848554256	24.0	172.0	114.0	310.0	 2
0.131787319467	24.0	171.0	115.0	310.0	 2
0.14204287187	24.0	170.0	116.0	310.0	 2
0.144626055225	23.0	171.0	116.0	310.0	 1
0.150656490285	22.0	172.0	116.0	310.0	 1
0.150657031245	22.0	171.0	117.0	310.0	 2
0.155702123181	22.0	170.0	118.0	310.0	 2
0.156430967246	21.0	171.0	118.0	310.0	 1
0.157915477052	21.0	170.0	119.0	310.0	 2
0.158546806155	21.0	169.0	120.0	310.0	 2
0.16358694574	21.0	168.0	121.0	310.0	 2
0.163900042432	20.0	169.0	121.0	310.0	 1
0.170751557135	20.0	168.0	122.0	310.0	 2
0.172822165467	20.0	167.0	123.0	310.0	 2
0.174135579262	19.0	168.0	123.0	310.0	 1
0.179385243445	19.0	167.0	124.0	310.0	 2
0.180777394388	18.0	168.0	124.0	310.0	 1
0.183494201204	18.0	167.0	125.0	310.0	 2
0.189922019581	18.0	166.0	126.0	310.0	 2
0.190501717036	18.0	165.0	127.0	310.0	 2
0.1911407154	17.0	166.0	127.0	310.0	 1
0.191284625695	17.0	165.0	128.0	310.0	 2
0.197826149637	16.0	166.0	128.0	310.0	 1
0.198704882375	16.0	165.0	129.0	310.0	 2
0.198859789524	16.0	164.0	130.0	310.0	 2
0.200657289319	15.0	165.0	130.0	310.0	 1
0.200826186807	15.0	164.0	131.0	310.0	 2
0.205206058498	14.0	165.0	131.0	310.0	 1
0.206452890387	13.0	166.0	131.0	310.0	 1
0.209205452604	13.0	165.0	132.0	310.0	 2
0.214477298875	13.0	164.0	133.0	310.0	 2
0.216050481333	12.0	165.0	133.0	310.0	 1
0.228499158657	12.0	164.0	134.0	310.0	 2
0.229748278404	12.0	163.0	135.0	310.0	 2
0.232235218528	12.0	162.0	136.0	310.0	 2
0.234562607822	12.0	161.0	137.0	310.0	 2
0.23589823425	12.0	160.0	138.0	310.0	 2
0.2366372419	12.0	159.0	139.0	310.0	 2
0.238521784145	12.0	158.0	140.0	310.0	 2
0.247979324465	12.0	157.0	141.0	310.0	 2
0.249680873909	12.0	156.0	142.0	310.0	 2
0.252185690529	11.0	157.0	142.0	310.0	 1
0.254487194642	11.0	156.0	143.0	310.0	 2
0.264547992787	11.0	155.0	144.0	310.0	 2
0.284548035704	11.0	154.0	145.0	310.0	 2
0.287832269285	11.0	153.0	146.0	310.0	 2
0.288937895015	11.0	152.0	147.0	310.0	 2
0.29172592109	11.0	151.0	148.0	310.0	 2
0.301870991222	11.0	150.0	149.0	310.0	 2
0.304723896367	11.0	149.0	150.0	310.0	 2
0.30966295275	11.0	148.0	151.0	310.0	 2
0.337882749905	11.0	147.0	152.0	310.0	 2
0.338252068238	10.0	148.0	152.0	310.0	 1
0.343144777224	9.0	149.0	152.0	310.0	 1
0.347454789339	8.0	150.0	152.0	310.0	 1
0.351133994216	8.0	149.0	153.0	310.0	 2
0.359178543855	8.0	148.0	154.0	310.0	 2
0.35937644357	8.0	147.0	155.0	310.0	 2
0.361549351226	8.0	146.0	156.0	310.0	 2
0.366119076838	8.0	145.0	157.0	310.0	 2
0.375514682593	8.0	144.0	158.0	310.0	 2
0.379122575433	8.0	143.0	159.0	310.0	 2
0.380569530061	8.0	142.0	160.0	310.0	 2
0.388996786052	8.0	141.0	161.0	310.0	 2
0.389098884694	8.0	140.0	162.0	310.0	 2
0.397574093912	8.0	139.0	163.0	310.0	 2
0.409230879953	8.0	138.0	164.0	310.0	 2
0.415540054892	8.0	137.0	165.0	310.0	 2
0.424627531938	8.0	136.0	166.0	310.0	 2
0.425246447342	8.0	135.0	167.0	310.0	 2
0.429229684443	8.0	134.0	168.0	310.0	 2
0.429427443723	8.0	133.0	169.0	310.0	 2
0.439679410974	8.0	132.0	170.0	310.0	 2
0.439848722751	8.0	131.0	171.0	310.0	 2
0.446400576493	8.0	130.0	172.0	310.0	 2
0.449827304099	7.0	131.0	172.0	310.0	 1
0.454545454545	7.0	131.0	172.0	310.0	 0
