# reactions: 2
Time	S	I	R	N	Fired Reaction
0.0	46.0	181.0	83.0	310.0	 0
0.00177571449141	46.0	180.0	84.0	310.0	 2
0.0105432011341	45.0	181.0	84.0	310.0	 1
0.0110986872181	45.0	180.0	85.0	310.0	 2
0.0122261947339	44.0	181.0	85.0	310.0	 1
0.0158377661642	44.0	180.0	86.0	310.0	 2
0.0175616260839	43.0	181.0	86.0	310.0	 1
0.0184492787652	42.0	182.0	86.0	310.0	 1
0.018505426963	41.0	183.0	86.0	310.0	 1
0.020944264854	40.0	184.0	86.0	310.0	 1
0.0238463390993	40.0	183.0	87.0	310.0	 2
0.0311143061691	39.0	184.0	87.0	310.0	 1
0.0345728183074	39.0	183.0	88.0	310.0	 2
0.0367276592801	38.0	184.0	88.0	310.0	 1
0.0405644850842	38.0	183.0	89.0	310.0	 2
0.0408075059975	38.0	182.0	90.0	310.0	 2
0.0416312237301	38.0	181.0	91.0	310.0	 2
0.0450237580587	37.0	182.0	91.0	310.0	 1
0.0458373256633	36.0	183.0	91.0	310.0	 1
0.0469677531665	35.0	184.0	91.0	310.0	 1
0.0475190436432	34.0	185.0	91.0	310.0	 1
0.0511070365426	33.0	186.0	91.0	310.0	 1
0.0580629370442	33.0	185.0	92.0	310.0	 2
0.0594392619034	32.0	186.0	92.0	310.0	 1
0.0608498693171	31.0	187.0	92.0	310.0	 1
0.0618115900697	31.0	186.0	93.0	310.0	 2
0.0636176548615	31.0	185.0	94.0	310.0	 2
0.0684129359684	31.0	184.0	95.0	310.0	 2
0.0700660644286	30.0	185.0	95.0	310.0	 1
0.070087932714	30.0	184.0	96.0	310.0	 2
0.0730660560541	30.0	183.0	97.0	310.0	 2
0.0761682296122	29.0	184.0	97.0	310.0	 1
0.0790226126768	29.0	183.0	98.0	310.0	 2
0.0826528604578	29.0	182.0	99.0	310.0	 2
0.0926916833437	29.0	181.0	100.0	310.0	 2
0.0939292472604	29.0	180.0	101.0	310.0	 2
0.098410481931	29.0	179.0	102.0	310.0	 2
0.0999099920009	29.0	178.0	103.0	310.0	 2
0.102547578664	29.0	177.0	104.0	310.0	 2
0.110051446169	28.0	178.0	104.0	310.0	 1
0.11171660825	27.0	179.0	104.0	310.0	 1
0.112068719118	27.0	178.0	105.0	310.0	 2
0.118020609264	27.0	177.0	106.0	310.0	 2
0.119798854859	26.0	178.0	106.0	310.0	 1
0.12166199982	25.0	179.0	106.0	310.0	 1
0.124953890485	25.0	178.0	107.0	310.0	 2
0.126508178403	25.0	177.0	108.0	310.0	 2
0.131616402771	24.0	178.0	108.0	310.0	 1
0.133246301226	23.0	179.0	108.0	310.0	 1
0.139711334862	23.0	178.0	109.0	310.0	 2
0.14080579711	23.0	177.0	110.0	310.0	 2
0.141207729629	23.0	176.0	111.0	310.0	 2
0.142132688049	22.0	177.0	111.0	310.0	 1
0.143980886914	21.0	178.0	111.0	310.0	 1
0.147509746622	21.0	177.0	112.0	310.0	 2
0.148980195079	21.0	176.0	113.0	310.0	 2
0.151060971691	21.0	175.0	114.0	310.0	 2
0.151083248142	21.0	174.0	115.0	310.0	 2
0.151471787263	20.0	175.0	115.0	310.0	 1
0.151500030027	20.0	174.0	116.0	310.0	 2
0.152815216477	20.0	173.0	117.0	310.0	 2
0.157879749682	20.0	172.0	118.0	310.0	 2
0.166413185531	20.0	171.0	119.0	310.0	 2
0.173189853787	20.0	170.0	120.0	310.0	 2
0.174896010193	19.0	171.0	120.0	310.0	 1
0.178269416754	19.0	170.0	121.0	310.0	 2
0.192753879166	19.0	169.0	122.0	310.0	 2
0.19368973482	19.0	168.0	123.0	310.0	 2
0.197027085689	18.0	169.0	123.0	310.0	 1
0.20086292243	18.0	168.0	124.0	310.0	 2
0.201222354222	18.0	167.0	125.0	310.0	 2
0.204895514581	18.0	166.0	126.0	310.0	 2
0.21055941523	18.0	165.0	127.0	310.0	 2
0.213639627358	17.0	166.0	127.0	310.0	 1
0.226493838247	17.0	165.0	128.0	310.0	 2
0.226803853154	17.0	164.0	129.0	310.0	 2
0.229632933558	17.0	163.0	130.0	310.0	 2
0.231206825247	16.0	164.0	130.0	310.0	 1
0.232000275455	16.0	163.0	131.0	310.0	 2
0.233999207257	16.0	162.0	132.0	310.0	 2
0.236197016714	16.0	161.0	133.0	310.0	 2
0.239116946125	16.0	160.0	134.0	310.0	 2
0.241215009834	16.0	159.0	135.0	310.0	 2
0.241457012146	15.0	160.0	135.0	310.0	 1
0.242784113437	15.0	159.0	136.0	310.0	 2
0.248486664236	15.0	158.0	137.0	310.0	 2
0.262841674077	14.0	159.0	137.0	310.0	 1
0.267204372808	14.0	158.0	138.0	310.0	 2
0.269373373216	14.0	157.0	139.0	310.0	 2
0.277272380278	13.0	158.0	139.0	310.0	 1
0.282943208544	12.0	159.0	139.0	310.0	 1
0.285670569771	12.0	158.0	140.0	310.0	 2
0.286276378177	12.0	157.0	141.0	310.0	 2
0.291260382845	12.0	156.0	142.0	310.0	 2
0.291387453061	12.0	155.0	143.0	310.0	 2
0.295422964176	12.0	154.0	144.0	310.0	 2
0.303329079114	11.0	155.0	144.0	310.0	 1
0.314085670606	10.0	156.0	144.0	310.0	 1
0.314213097861	9.0	157.0	144.0	310.0	 1
0.319702098033	9.0	156.0	145.0	310.0	 2
0.320213275359	8.0	157.0	145.0	310.0	 1
0.324100087746	8.0	156.0	146.0	310.0	 2
0.32457808418	8.0	155.0	147.0	310.0	 2
0.326146716752	8.0	154.0	148.0	310.0	 2
0.327662253911	8.0	153.0	149.0	310.0	 2
0.337515008175	8.0	152.0	150.0	310.0	 2
0.34551349027	8.0	151.0	151.0	310.0	 2
0.349159372645	8.0	150.0	152.0	310.0	 2
0.350805271303	8.0	149.0	153.0	310.0	 2
0.35246182841	8.0	148.0	154.0	310.0	 2
0.353155533691	7.0	149.0	154.0	310.0	 1
0.35535076101	7.0	148.0	155.0	310.0	 2
0.361043716843	6.0	149.0	155.0	310.0	 1
0.361132520546	6.0	148.0	156.0	310.0	 2
0.364516499366	6.0	147.0	157.0	310.0	 2
0.383918178724	6.0	146.0	158.0	310.0	 2
0.394531841565	6.0	145.0	159.0	310.0	 2
0.411932960531	6.0	144.0	160.0	310.0	 2
0.428951736514	6.0	143.0	161.0	310.0	 2
0.434209054035	6.0	142.0	162.0	310.0	 2
0.436430051296	6.0	141.0	163.0	310.0	 2
0.437104549047	6.0	140.0	164.0	310.0	 2
0.446622132514	6.0	139.0	165.0	310.0	 2
0.454545454545	6.0	139.0	165.0	310.0	 0
