# reactions: 2
Time	S	I	R	N	Fired Reaction
0.0	46.0	181.0	83.0	310.0	 0
0.00165388648759	45.0	182.0	83.0	310.0	 1
0.00545637926288	44.0	183.0	83.0	310.0	 1
0.00863353531233	44.0	182.0	84.0	310.0	 2
0.0121886194933	44.0	181.0	85.0	310.0	 2
0.0142578154405	44.0	180.0	86.0	310.0	 2
0.0182176489821	44.0	179.0	87.0	310.0	 2
0.0220003277379	44.0	178.0	88.0	310.0	 2
0.0241501698713	43.0	179.0	88.0	310.0	 1
0.02553026043	42.0	180.0	88.0	310.0	 1
0.0275408805259	41.0	181.0	88.0	310.0	 1
0.0297452123831	40.0	182.0	88.0	310.0	 1
0.0301009555189	40.0	181.0	89.0	310.0	 2
0.0306848507282	40.0	180.0	90.0	310.0	 2
0.0427039336209	40.0	179.0	91.0	310.0	 2
0.0446729378191	39.0	180.0	91.0	310.0	 1
0.0452778587902	39.0	179.0	92.0	310.0	 2
0.0478329717212	38.0	180.0	92.0	310.0	 1
0.0526851364656	37.0	181.0	92.0	310.0	 1
0.0534838563168	37.0	180.0	93.0	310.0	 2
0.0556622800517	36.0	181.0	93.0	310.0	 1
0.0644893849729	35.0	182.0	93.0	310.0	 1
0.0663937771674	34.0	183.0	93.0	310.0	 1
0.0753305502742	34.0	182.0	94.0	310.0	 2
0.0754828799989	33.0	183.0	94.0	310.0	 1
0.08054991451	32.0	184.0	94.0	310.0	 1
0.0850854195199	31.0	185.0	94.0	310.0	 1
0.08657683711	30.0	186.0	94.0	310.0	 1
0.0868149435196	29.0	187.0	94.0	310.0	 1
0.0871313051228	29.0	186.0	95.0	310.0	 2
0.0887859680948	28.0	187.0	95.0	310.0	 1
0.0894918046895	27.0	188.0	95.0	310.0	 1
0.0981184802484	27.0	187.0	96.0	310.0	 2
0.0986904930772	26.0	188.0	96.0	310.0	 1
0.105129462758	25.0	189.0	96.0	310.0	 1
0.109595225035	25.0	188.0	97.0	310.0	 2
0.117929073835	25.0	187.0	98.0	310.0	 2
0.118431201324	24.0	188.0	98.0	310.0	 1
0.120599775992	24.0	187.0	99.0	310.0	 2
0.12351346621	24.0	186.0	100.0	310.0	 2
0.124587113786	24.0	185.0	101.0	310.0	 2
0.125250491412	23.0	186.0	101.0	310.0	 1
0.127563200241	23.0	185.0	102.0	310.0	 2
0.127917748688	22.0	186.0	102.0	310.0	 1
0.133204298787	21.0	187.0	102.0	310.0	 1
0.136628928533	21.0	186.0	103.0	310.0	 2
0.139194863615	20.0	187.0	103.0	310.0	 1
0.139883658971	20.0	186.0	104.0	310.0	 2
0.141641733013	20.0	185.0	105.0	310.0	 2
0.145187575087	20.0	184.0	106.0	310.0	 2
0.145412612995	20.0	183.0	107.0	310.0	 2
0.148001440483	20.0	182.0	108.0	310.0	 2
0.154320748095	20.0	181.0	109.0	310.0	 2
0.160707909098	20.0	180.0	110.0	310.0	 2
0.161516905462	19.0	181.0	110.0	310.0	 1
0.16328824723	19.0	180.0	111.0	310.0	 2
0.167219708223	18.0	181.0	111.0	310.0	 1
0.167580064665	18.0	180.0	112.0	310.0	 2
0.170995386764	18.0	179.0	113.0	310.0	 2
0.173626885518	18.0	178.0	114.0	310.0	 2
0.177008906725	17.0	179.0	114.0	310.0	 1
0.18547501464	17.0	178.0	115.0	310.0	 2
0.190564866144	16.0	179.0	115.0	310.0	 1
0.195007863478	16.0	178.0	116.0	310.0	 2
0.196163419438	16.0	177.0	117.0	310.0	 2
0.198364482811	16.0	176.0	118.0	310.0	 2
0.200514564673	16.0	175.0	119.0	310.0	 2
0.20208400546	16.0	174.0	120.0	310.0	 2
0.205091648548	16.0	173.0	121.0	310.0	 2
0.21153464557	15.0	174.0	121.0	310.0	 1
0.215474600529	15.0	173.0	122.0	310.0	 2
0.217437671763	15.0	172.0	123.0	310.0	 2
0.231408637239	15.0	171.0	124.0	310.0	 2
0.23657668622	14.0	172.0	124.0	310.0	 1
0.237305868376	13.0	173.0	124.0	310.0	 1
0.239137901659	13.0	172.0	125.0	310.0	 2
0.239316744243	13.0	171.0	126.0	310.0	 2
0.241673317871	13.0	170.0	127.0	310.0	 2
0.244743077791	13.0	169.0	128.0	310.0	 2
0.256900149089	13.0	168.0	129.0	310.0	 2
0.259394192244	13.0	167.0	130.0	310.0	 2
0.260735827349	12.0	168.0	130.0	310.0	 1
0.263752004642	12.0	167.0	131.0	310.0	 2
0.267817722984	12.0	166.0	132.0	310.0	 2
0.273981574068	11.0	167.0	132.0	310.0	 1
0.27449170663	11.0	166.0	133.0	310.0	 2
0.274945338724	11.0	165.0	134.0	310.0	 2
0.274971853844	11.0	164.0	135.0	310.0	 2
0.276178721671	11.0	163.0	136.0	310.0	 2
0.279551858882	11.0	162.0	137.0	310.0	 2
0.281615926918	10.0	163.0	137.0	310.0	 1
0.290818210827	10.0	162.0	138.0	310.0	 2
0.291072591194	10.0	161.0	139.0	310.0	 2
0.291720190236	10.0	160.0	140.0	310.0	 2
0.313442329572	10.0	159.0	141.0	310.0	 2
0.321602048448	9.0	160.0	141.0	310.0	 1
0.323043371135	9.0	159.0	142.0	310.0	 2
0.32519369446	9.0	158.0	143.0	310.0	 2
0.326606767002	9.0	157.0	144.0	310.0	 2
0.328506076457	9.0	156.0	145.0	310.0	 2
0.328938157677	8.0	157.0	145.0	310.0	 1
0.329020279758	8.0	156.0	146.0	310.0	 2
0.338615009071	8.0	155.0	147.0	310.0	 2
0.343015211598	8.0	154.0	148.0	310.0	 2
0.347892893686	8.0	153.0	149.0	310.0	 2
0.362801651327	8.0	152.0	150.0	310.0	 2
0.368418254263	8.0	151.0	151.0	310.0	 2
0.373704377464	8.0	150.0	152.0	310.0	 2
0.38738294162	7.0	151.0	152.0	310.0	 1
0.387410790511	7.0	150.0	153.0	310.0	 2
0.391472469763	7.0	149.0	154.0	310.0	 2
0.394765829838	7.0	148.0	155.0	310.0	 2
0.396378152963	7.0	147.0	156.0	310.0	 2
0.400944017521	6.0	148.0	156.0	310.0	 1
0.403403002527	6.0	147.0	157.0	310.0	 2
0.40426239719	6.0	146.0	158.0	310.0	 2
0.410342692994	6.0	145.0	159.0	310.0	 2
0.419267809432	6.0	144.0	160.0	310.0	 2
0.434370824363	5.0	145.0	160.0	310.0	 1
0.436913358911	5.0	144.0	161.0	310.0	 2
0.437846534921	5.0	143.0	162.0	310.0	 2
0.444578684689	5.0	142.0	163.0	310.0	 2
0.449198769675	5.0	141.0	164.0	310.0	 2
0.451382291438	5.0	140.0	165.0	310.0	 2
0.453616245217	5.0	139.0	166.0	310.0	 2
0.454545454545	5.0	139.0	166.0	310.0	 0
