# reactions: 2
Time	S	I	R	N	Fired Reaction
0.0	46.0	181.0	83.0	310.0	 0
7.09884100801e-05	45.0	182.0	83.0	310.0	 1
0.00348353316129	44.0	183.0	83.0	310.0	 1
0.00634262952663	43.0	184.0	83.0	310.0	 1
0.00871027979972	43.0	183.0	84.0	310.0	 2
0.00973876323816	43.0	182.0	85.0	310.0	 2
0.0125190732628	42.0	183.0	85.0	310.0	 1
0.0148358503634	42.0	182.0	86.0	310.0	 2
0.014927274966	41.0	183.0	86.0	310.0	 1
0.0159970957708	40.0	184.0	86.0	310.0	 1
0.0184516918707	39.0	185.0	86.0	310.0	 1
0.0187128792777	39.0	184.0	87.0	310.0	 2
0.0207159160523	39.0	183.0	88.0	310.0	 2
0.0328249864511	39.0	182.0	89.0	310.0	 2
0.0344308044207	39.0	181.0	90.0	310.0	 2
0.0352357083088	38.0	182.0	90.0	310.0	 1
0.0394862231492	38.0	181.0	91.0	310.0	 2
0.0472991796621	37.0	182.0	91.0	310.0	 1
0.0484028842571	36.0	183.0	91.0	310.0	 1
0.0534459901326	36.0	182.0	92.0	310.0	 2
0.0573937231022	36.0	181.0	93.0	310.0	 2
0.0607450964955	35.0	182.0	93.0	310.0	 1
0.0617647888283	34.0	183.0	93.0	310.0	 1
0.0652380891462	33.0	184.0	93.0	310.0	 1
0.0697962682249	33.0	183.0	94.0	310.0	 2
0.0746514810306	32.0	184.0	94.0	310.0	 1
0.0760476793436	31.0	185.0	94.0	310.0	 1
0.0784214978055	31.0	184.0	95.0	310.0	 2
0.0789269138214	31.0	183.0	96.0	310.0	 2
0.0839730827508	30.0	184.0	96.0	310.0	 1
0.0867261929177	29.0	185.0	96.0	310.0	 1
0.0913922335602	29.0	184.0	97.0	310.0	 2
0.098424365334	29.0	183.0	98.0	310.0	 2
0.0986435720289	29.0	182.0	99.0	310.0	 2
0.0987758211806	28.0	183.0	99.0	310.0	 1
0.0996842039662	27.0	184.0	99.0	310.0	 1
0.100395383943	27.0	183.0	100.0	310.0	 2
0.100595370276	27.0	182.0	101.0	310.0	 2
0.105390304169	26.0	183.0	101.0	310.0	 1
0.105910269057	25.0	184.0	101.0	310.0	 1
0.110163810675	24.0	185.0	101.0	310.0	 1
0.114451856333	23.0	186.0	101.0	310.0	 1
0.115372356038	22.0	187.0	101.0	310.0	 1
0.120261784155	21.0	188.0	101.0	310.0	 1
0.121042585845	20.0	189.0	101.0	310.0	 1
0.12170971522	19.0	190.0	101.0	310.0	 1
0.127997036715	18.0	191.0	101.0	310.0	 1
0.128244739385	18.0	190.0	102.0	310.0	 2
0.131755721505	17.0	191.0	102.0	310.0	 1
0.140934951059	16.0	192.0	102.0	310.0	 1
0.142958653449	16.0	191.0	103.0	310.0	 2
0.144217861438	15.0	192.0	103.0	310.0	 1
0.144283912418	15.0	191.0	104.0	310.0	 2
0.153890564055	15.0	190.0	105.0	310.0	 2
0.154611843963	15.0	189.0	106.0	310.0	 2
0.155604729403	15.0	188.0	107.0	310.0	 2
0.164130433131	15.0	187.0	108.0	310.0	 2
0.166545814316	15.0	186.0	109.0	310.0	 2
0.169617813384	15.0	185.0	110.0	310.0	 2
0.174291968568	14.0	186.0	110.0	310.0	 1
0.179411594386	14.0	185.0	111.0	310.0	 2
0.185164980658	14.0	184.0	112.0	310.0	 2
0.190380060599	14.0	183.0	113.0	310.0	 2
0.191445444492	14.0	182.0	114.0	310.0	 2
0.193582403799	14.0	181.0	115.0	310.0	 2
0.196043370229	14.0	180.0	116.0	310.0	 2
0.20244840036	14.0	179.0	117.0	310.0	 2
0.20284533525	14.0	178.0	118.0	310.0	 2
0.20346770667	14.0	177.0	119.0	310.0	 2
0.205536374078	14.0	176.0	120.0	310.0	 2
0.208703726404	14.0	175.0	121.0	310.0	 2
0.213978476716	14.0	174.0	122.0	310.0	 2
0.21439815278	14.0	173.0	123.0	310.0	 2
0.217047757531	14.0	172.0	124.0	310.0	 2
0.219891721598	14.0	171.0	125.0	310.0	 2
0.222863249922	13.0	172.0	125.0	310.0	 1
0.223474334229	13.0	171.0	126.0	310.0	 2
0.228081062439	13.0	170.0	127.0	310.0	 2
0.231455074597	12.0	171.0	127.0	310.0	 1
0.233831648263	11.0	172.0	127.0	310.0	 1
0.237634487386	11.0	171.0	128.0	310.0	 2
0.242001445052	10.0	172.0	128.0	310.0	 1
0.253871165524	9.0	173.0	128.0	310.0	 1
0.262238420653	9.0	172.0	129.0	310.0	 2
0.262467652877	8.0	173.0	129.0	310.0	 1
0.263348786689	8.0	172.0	130.0	310.0	 2
0.286800559965	8.0	171.0	131.0	310.0	 2
0.312000907301	7.0	172.0	131.0	310.0	 1
0.327543166414	7.0	171.0	132.0	310.0	 2
0.331893351124	7.0	170.0	133.0	310.0	 2
0.337585636088	7.0	169.0	134.0	310.0	 2
0.343056302646	7.0	168.0	135.0	310.0	 2
0.343647038053	7.0	167.0	136.0	310.0	 2
0.345717447687	6.0	168.0	136.0	310.0	 1
0.347787425258	5.0	169.0	136.0	310.0	 1
0.349140554091	5.0	168.0	137.0	310.0	 2
0.353211680754	5.0	167.0	138.0	310.0	 2
0.35689652896	5.0	166.0	139.0	310.0	 2
0.362651479245	4.0	167.0	139.0	310.0	 1
0.37535224276	4.0	166.0	140.0	310.0	 2
0.387852993587	4.0	165.0	141.0	310.0	 2
0.388542617601	3.0	166.0	141.0	310.0	 1
0.394868395562	3.0	165.0	142.0	310.0	 2
0.403625163046	3.0	164.0	143.0	310.0	 2
0.403979082339	3.0	163.0	144.0	310.0	 2
0.405006580136	3.0	162.0	145.0	310.0	 2
0.407398903167	3.0	161.0	146.0	310.0	 2
0.409028796634	3.0	160.0	147.0	310.0	 2
0.417563972168	3.0	159.0	148.0	310.0	 2
0.428265985204	3.0	158.0	149.0	310.0	 2
0.441771403425	3.0	157.0	150.0	310.0	 2
0.451481779098	3.0	156.0	151.0	310.0	 2
0.454545454545	3.0	156.0	151.0	310.0	 0
