# reactions: 2
Time	S	I	R	N	Fired Reaction
0.0	46.0	181.0	83.0	310.0	 0
0.00423917604883	46.0	180.0	84.0	310.0	 2
0.00535789937242	46.0	179.0	85.0	310.0	 2
0.00751844847827	45.0	180.0	85.0	310.0	 1
0.0114903988069	45.0	179.0	86.0	310.0	 2
0.0134516467546	45.0	178.0	87.0	310.0	 2
0.0208422862978	44.0	179.0	87.0	310.0	 1
0.0242666755499	44.0	178.0	88.0	310.0	 2
0.0247714879756	43.0	179.0	88.0	310.0	 1
0.025979827493	42.0	180.0	88.0	310.0	 1
0.0271809939296	41.0	181.0	88.0	310.0	 1
0.0276252482479	40.0	182.0	88.0	310.0	 1
0.0330625749814	39.0	183.0	88.0	310.0	 1
0.0346026952007	38.0	184.0	88.0	310.0	 1
0.0410483715858	37.0	185.0	88.0	310.0	 1
0.0422172773071	37.0	184.0	89.0	310.0	 2
0.0431479791229	36.0	185.0	89.0	310.0	 1
0.0451054465966	36.0	184.0	90.0	310.0	 2
0.0473699034466	35.0	185.0	90.0	310.0	 1
0.0476009216133	35.0	184.0	91.0	310.0	 2
0.0486054089646	34.0	185.0	91.0	310.0	 1
0.0515564362403	34.0	184.0	92.0	310.0	 2
0.0585923661856	33.0	185.0	92.0	310.0	 1
0.0598451057618	33.0	184.0	93.0	310.0	 2
0.061619681087	32.0	185.0	93.0	310.0	 1
0.0665212393713	32.0	184.0	94.0	310.0	 2
0.0673927297337	32.0	183.0	95.0	310.0	 2
0.0708568969454	32.0	182.0	96.0	310.0	 2
0.0725407607195	31.0	183.0	96.0	310.0	 1
0.0829299050594	30.0	184.0	96.0	310.0	 1
0.0829983001796	30.0	183.0	97.0	310.0	 2
0.0857659854601	30.0	182.0	98.0	310.0	 2
0.0929075758659	29.0	183.0	98.0	310.0	 1
0.104049903153	28.0	184.0	98.0	310.0	 1
0.106466626041	27.0	185.0	98.0	310.0	 1
0.109262228484	26.0	186.0	98.0	310.0	 1
0.11097136677	25.0	187.0	98.0	310.0	 1
0.111225181789	24.0	188.0	98.0	310.0	 1
0.112816017285	24.0	187.0	99.0	310.0	 2
0.113324590049	23.0	188.0	99.0	310.0	 1
0.113945973234	23.0	187.0	100.0	310.0	 2
0.114776596736	22.0	188.0	100.0	310.0	 1
0.118186283854	21.0	189.0	100.0	310.0	 1
0.12009549883	20.0	190.0	100.0	310.0	 1
0.127568629794	20.0	189.0	101.0	310.0	 2
0.130917564604	20.0	188.0	102.0	310.0	 2
0.131846845542	19.0	189.0	102.0	310.0	 1
0.132785897073	18.0	190.0	102.0	310.0	 1
0.134625474512	18.0	189.0	103.0	310.0	 2
0.13949946218	18.0	188.0	104.0	310.0	 2
0.140435345644	17.0	189.0	104.0	310.0	 1
0.140759394964	16.0	190.0	104.0	310.0	 1
0.141164441155	15.0	191.0	104.0	310.0	 1
0.14344558792	15.0	190.0	105.0	310.0	 2
0.148977108261	15.0	189.0	106.0	310.0	 2
0.153407821474	15.0	188.0	107.0	310.0	 2
0.157536009854	14.0	189.0	107.0	310.0	 1
0.164875711691	14.0	188.0	108.0	310.0	 2
0.169913892446	14.0	187.0	109.0	310.0	 2
0.172893116998	14.0	186.0	110.0	310.0	 2
0.181644696559	14.0	185.0	111.0	310.0	 2
0.184250833397	14.0	184.0	112.0	310.0	 2
0.188241429168	14.0	183.0	113.0	310.0	 2
0.189422649133	14.0	182.0	114.0	310.0	 2
0.189506071384	14.0	181.0	115.0	310.0	 2
0.196447353648	14.0	180.0	116.0	310.0	 2
0.199915591423	14.0	179.0	117.0	310.0	 2
0.207397339619	14.0	178.0	118.0	310.0	 2
0.214858093028	14.0	177.0	119.0	310.0	 2
0.216710110373	14.0	176.0	120.0	310.0	 2
0.217472390766	14.0	175.0	121.0	310.0	 2
0.230317443153	13.0	176.0	121.0	310.0	 1
0.231181498847	13.0	175.0	122.0	310.0	 2
0.233332355841	13.0	174.0	123.0	310.0	 2
0.233644041634	13.0	173.0	124.0	310.0	 2
0.233923626493	13.0	172.0	125.0	310.0	 2
0.241803924774	13.0	171.0	126.0	310.0	 2
0.241927521143	13.0	170.0	127.0	310.0	 2
0.243309494385	12.0	171.0	127.0	310.0	 1
0.24561114255	12.0	170.0	128.0	310.0	 2
0.246801902675	12.0	169.0	129.0	310.0	 2
0.253613207893	12.0	168.0	130.0	310.0	 2
0.260629672534	12.0	167.0	131.0	310.0	 2
0.28011644389	12.0	166.0	132.0	310.0	 2
0.280208449042	12.0	165.0	133.0	310.0	 2
0.290315859743	12.0	164.0	134.0	310.0	 2
0.295393568727	12.0	163.0	135.0	310.0	 2
0.297005209293	11.0	164.0	135.0	310.0	 1
0.297578434152	10.0	165.0	135.0	310.0	 1
0.306868971058	10.0	164.0	136.0	310.0	 2
0.314055771696	9.0	165.0	136.0	310.0	 1
0.314840569788	9.0	164.0	137.0	310.0	 2
0.32174686587	9.0	163.0	138.0	310.0	 2
0.322099021316	9.0	162.0	139.0	310.0	 2
0.322136740932	8.0	163.0	139.0	310.0	 1
0.322300339037	8.0	162.0	140.0	310.0	 2
0.32544592789	8.0	161.0	141.0	310.0	 2
0.33007107953	7.0	162.0	141.0	310.0	 1
0.332013067577	7.0	161.0	142.0	310.0	 2
0.336469410456	7.0	160.0	143.0	310.0	 2
0.33678953516	7.0	159.0	144.0	310.0	 2
0.340817793129	7.0	158.0	145.0	310.0	 2
0.346405652101	7.0	157.0	146.0	310.0	 2
0.348184587925	7.0	156.0	147.0	310.0	 2
0.349925102046	7.0	155.0	148.0	310.0	 2
0.354447624142	7.0	154.0	149.0	310.0	 2
0.357833027027	7.0	153.0	150.0	310.0	 2
0.358214765107	7.0	152.0	151.0	310.0	 2
0.374601522104	7.0	151.0	152.0	310.0	 2
0.374985131639	7.0	150.0	153.0	310.0	 2
0.383684095976	7.0	149.0	154.0	310.0	 2
0.389574963106	7.0	148.0	155.0	310.0	 2
0.400609093822	6.0	149.0	155.0	310.0	 1
0.403730851789	6.0	148.0	156.0	310.0	 2
0.411580318621	6.0	147.0	157.0	310.0	 2
0.414352407959	6.0	146.0	158.0	310.0	 2
0.416368794734	6.0	145.0	159.0	310.0	 2
0.41652099265	6.0	144.0	160.0	310.0	 2
0.420360825925	6.0	143.0	161.0	310.0	 2
0.425497608168	6.0	142.0	162.0	310.0	 2
0.431754658726	6.0	141.0	163.0	310.0	 2
0.431955848986	6.0	140.0	164.0	310.0	 2
0.446624808033	6.0	139.0	165.0	310.0	 2
0.450547741015	6.0	138.0	166.0	310.0	 2
0.453241960894	6.0	137.0	167.0	310.0	 2
0.454545454545	6.0	137.0	167.0	310.0	 0
