# reactions: 2
Time	S	I	R	N	Fired Reaction
0.0	46.0	181.0	83.0	310.0	 0
0.00369372067484	45.0	182.0	83.0	310.0	 1
0.00669631831752	44.0	183.0	83.0	310.0	 1
0.00749596458018	43.0	184.0	83.0	310.0	 1
0.00887163243112	42.0	185.0	83.0	310.0	 1
0.00888291462597	42.0	184.0	84.0	310.0	 2
0.0136663137658	41.0	185.0	84.0	310.0	 1
0.0173256164397	40.0	186.0	84.0	310.0	 1
0.0183034887387	39.0	187.0	84.0	310.0	 1
0.01954447565	39.0	186.0	85.0	310.0	 2
0.0195925728123	39.0	185.0	86.0	310.0	 2
0.0234184015715	39.0	184.0	87.0	310.0	 2
0.0237128505355	39.0	183.0	88.0	310.0	 2
0.0247189831851	38.0	184.0	88.0	310.0	 1
0.0262705397875	38.0	183.0	89.0	310.0	 2
0.029920463953	37.0	184.0	89.0	310.0	 1
0.0302821453502	37.0	183.0	90.0	310.0	 2
0.0302902362893	37.0	182.0	91.0	310.0	 2
0.0362631169127	37.0	181.0	92.0	310.0	 2
0.037767090144	36.0	182.0	92.0	310.0	 1
0.0388831343111	36.0	181.0	93.0	310.0	 2
0.038985217448	35.0	182.0	93.0	310.0	 1
0.0421560497627	35.0	181.0	94.0	310.0	 2
0.0459636820613	34.0	182.0	94.0	310.0	 1
0.047335200551	33.0	183.0	94.0	310.0	 1
0.0601367637872	33.0	182.0	95.0	310.0	 2
0.0649215831356	33.0	181.0	96.0	310.0	 2
0.0655454251608	33.0	180.0	97.0	310.0	 2
0.0656052096743	33.0	179.0	98.0	310.0	 2
0.0723892845389	33.0	178.0	99.0	310.0	 2
0.0726316504434	33.0	177.0	100.0	310.0	 2
0.0732738180195	32.0	178.0	100.0	310.0	 1
0.0806207924733	32.0	177.0	101.0	310.0	 2
0.0808952595144	32.0	176.0	102.0	310.0	 2
0.088266728295	32.0	175.0	103.0	310.0	 2
0.0885005976014	31.0	176.0	103.0	310.0	 1
0.0972686936158	31.0	175.0	104.0	310.0	 2
0.101148212267	31.0	174.0	105.0	310.0	 2
0.108985514405	30.0	175.0	105.0	310.0	 1
0.109246281366	30.0	174.0	106.0	310.0	 2
0.109331844825	29.0	175.0	106.0	310.0	 1
0.109549814302	29.0	174.0	107.0	310.0	 2
0.11111149887	29.0	173.0	108.0	310.0	 2
0.112698359601	28.0	174.0	108.0	310.0	 1
0.125995810238	28.0	173.0	109.0	310.0	 2
0.126944275075	27.0	174.0	109.0	310.0	 1
0.139087407711	27.0	173.0	110.0	310.0	 2
0.139551620649	26.0	174.0	110.0	310.0	 1
0.140934764934	26.0	173.0	111.0	310.0	 2
0.143399078187	25.0	174.0	111.0	310.0	 1
0.143700595831	25.0	173.0	112.0	310.0	 2
0.144243805629	25.0	172.0	113.0	310.0	 2
0.144876503145	25.0	171.0	114.0	310.0	 2
0.147074417596	25.0	170.0	115.0	310.0	 2
0.149784558169	25.0	169.0	116.0	310.0	 2
0.15006739384	24.0	170.0	116.0	310.0	 1
0.152807158938	23.0	171.0	116.0	310.0	 1
0.152909617107	23.0	170.0	117.0	310.0	 2
0.154760939495	23.0	169.0	118.0	310.0	 2
0.168505798106	23.0	168.0	119.0	310.0	 2
0.182772528104	22.0	169.0	119.0	310.0	 1
0.183798404471	21.0	170.0	119.0	310.0	 1
0.185849425136	21.0	169.0	120.0	310.0	 2
0.185886048295	21.0	168.0	121.0	310.0	 2
0.189237396768	20.0	169.0	121.0	310.0	 1
0.191973414481	20.0	168.0	122.0	310.0	 2
0.193085220644	19.0	169.0	122.0	310.0	 1
0.193166301558	19.0	168.0	123.0	310.0	 2
0.195970949081	18.0	169.0	123.0	310.0	 1
0.204928961562	18.0	168.0	124.0	310.0	 2
0.208744922359	18.0	167.0	125.0	310.0	 2
0.211411058318	17.0	168.0	125.0	310.0	 1
0.222575834161	17.0	167.0	126.0	310.0	 2
0.22768629707	17.0	166.0	127.0	310.0	 2
0.22907037849	17.0	165.0	128.0	310.0	 2
0.234101396396	16.0	166.0	128.0	310.0	 1
0.234878327868	16.0	165.0	129.0	310.0	 2
0.236715476124	16.0	164.0	130.0	310.0	 2
0.239609715758	16.0	163.0	131.0	310.0	 2
0.240054862275	16.0	162.0	132.0	310.0	 2
0.240300896683	16.0	161.0	133.0	310.0	 2
0.242933379401	16.0	160.0	134.0	310.0	 2
0.250092173035	16.0	159.0	135.0	310.0	 2
0.256893390181	16.0	158.0	136.0	310.0	 2
0.257732069667	16.0	157.0	137.0	310.0	 2
0.260893796539	15.0	158.0	137.0	310.0	 1
0.265161492856	14.0	159.0	137.0	310.0	 1
0.283319103229	14.0	158.0	138.0	310.0	 2
0.285733263117	13.0	159.0	138.0	310.0	 1
0.289345506217	13.0	158.0	139.0	310.0	 2
0.29141656798	13.0	157.0	140.0	310.0	 2
0.293603564415	13.0	156.0	141.0	310.0	 2
0.294155265286	13.0	155.0	142.0	310.0	 2
0.311868214418	12.0	156.0	142.0	310.0	 1
0.314243226917	12.0	155.0	143.0	310.0	 2
0.315440134519	12.0	154.0	144.0	310.0	 2
0.315965955439	12.0	153.0	145.0	310.0	 2
0.316029450299	11.0	154.0	145.0	310.0	 1
0.316640209379	11.0	153.0	146.0	310.0	 2
0.317036368181	11.0	152.0	147.0	310.0	 2
0.325883568558	11.0	151.0	148.0	310.0	 2
0.326820072319	11.0	150.0	149.0	310.0	 2
0.34396256534	11.0	149.0	150.0	310.0	 2
0.345540007507	10.0	150.0	150.0	310.0	 1
0.347915481636	10.0	149.0	151.0	310.0	 2
0.348712295574	10.0	148.0	152.0	310.0	 2
0.35329691237	10.0	147.0	153.0	310.0	 2
0.362604486373	10.0	146.0	154.0	310.0	 2
0.363505159943	10.0	145.0	155.0	310.0	 2
0.382378391383	10.0	144.0	156.0	310.0	 2
0.384362647248	10.0	143.0	157.0	310.0	 2
0.391873187094	10.0	142.0	158.0	310.0	 2
0.394497431204	10.0	141.0	159.0	310.0	 2
0.39719576965	10.0	140.0	160.0	310.0	 2
0.405090177164	9.0	141.0	160.0	310.0	 1
0.405726780844	9.0	140.0	161.0	310.0	 2
0.41583016367	9.0	139.0	162.0	310.0	 2
0.424490926597	9.0	138.0	163.0	310.0	 2
0.436843770414	9.0	137.0	164.0	310.0	 2
0.44457063102	9.0	136.0	165.0	310.0	 2
0.447145973108	9.0	135.0	166.0	310.0	 2
0.452228173683	8.0	136.0	166.0	310.0	 1
0.453642546042	8.0	135.0	167.0	310.0	 2
0.454545454545	8.0	135.0	167.0	310.0	 0
