# reactions: 2
Time	S	I	R	N	Fired Reaction
0.0	46.0	181.0	83.0	310.0	 0
0.000294794715304	46.0	180.0	84.0	310.0	 2
0.000772776007202	45.0	181.0	84.0	310.0	 1
0.00689088437373	45.0	180.0	85.0	310.0	 2
0.010180998952	44.0	181.0	85.0	310.0	 1
0.0149513791431	44.0	180.0	86.0	310.0	 2
0.017279414136	44.0	179.0	87.0	310.0	 2
0.0174294414617	43.0	180.0	87.0	310.0	 1
0.018613935921	43.0	179.0	88.0	310.0	 2
0.0189332755365	43.0	178.0	89.0	310.0	 2
0.0209859689409	42.0	179.0	89.0	310.0	 1
0.0252741237671	41.0	180.0	89.0	310.0	 1
0.0306565958719	41.0	179.0	90.0	310.0	 2
0.0326247232455	41.0	178.0	91.0	310.0	 2
0.0330763589924	40.0	179.0	91.0	310.0	 1
0.0428221214562	40.0	178.0	92.0	310.0	 2
0.043119184661	39.0	179.0	92.0	310.0	 1
0.043171697171	38.0	180.0	92.0	310.0	 1
0.0435487744643	38.0	179.0	93.0	310.0	 2
0.0465409037466	38.0	178.0	94.0	310.0	 2
0.0477044368068	37.0	179.0	94.0	310.0	 1
0.0491098671919	36.0	180.0	94.0	310.0	 1
0.0644017986617	35.0	181.0	94.0	310.0	 1
0.0659926666789	35.0	180.0	95.0	310.0	 2
0.0738896384609	35.0	179.0	96.0	310.0	 2
0.0769606820058	35.0	178.0	97.0	310.0	 2
0.0793182121013	35.0	177.0	98.0	310.0	 2
0.0939336761266	34.0	178.0	98.0	310.0	 1
0.094624110799	33.0	179.0	98.0	310.0	 1
0.100261383017	32.0	180.0	98.0	310.0	 1
0.101008334823	32.0	179.0	99.0	310.0	 2
0.103271198614	31.0	180.0	99.0	310.0	 1
0.106859854719	30.0	181.0	99.0	310.0	 1
0.108916474546	29.0	182.0	99.0	310.0	 1
0.109399581006	28.0	183.0	99.0	310.0	 1
0.118611449538	27.0	184.0	99.0	310.0	 1
0.120887534722	26.0	185.0	99.0	310.0	 1
0.121019831046	26.0	184.0	100.0	310.0	 2
0.12868793581	25.0	185.0	100.0	310.0	 1
0.129309316927	25.0	184.0	101.0	310.0	 2
0.133644494972	25.0	183.0	102.0	310.0	 2
0.133645124198	25.0	182.0	103.0	310.0	 2
0.136784101903	25.0	181.0	104.0	310.0	 2
0.139116187872	25.0	180.0	105.0	310.0	 2
0.139234735635	24.0	181.0	105.0	310.0	 1
0.14119974865	24.0	180.0	106.0	310.0	 2
0.141868687477	23.0	181.0	106.0	310.0	 1
0.142702318417	23.0	180.0	107.0	310.0	 2
0.145513057371	22.0	181.0	107.0	310.0	 1
0.147661102538	21.0	182.0	107.0	310.0	 1
0.147810654635	20.0	183.0	107.0	310.0	 1
0.149692722414	19.0	184.0	107.0	310.0	 1
0.150075144777	19.0	183.0	108.0	310.0	 2
0.151338177555	18.0	184.0	108.0	310.0	 1
0.154686215591	18.0	183.0	109.0	310.0	 2
0.155759985363	17.0	184.0	109.0	310.0	 1
0.157358080137	17.0	183.0	110.0	310.0	 2
0.167730995244	16.0	184.0	110.0	310.0	 1
0.168920665874	15.0	185.0	110.0	310.0	 1
0.171037739313	14.0	186.0	110.0	310.0	 1
0.176785980829	14.0	185.0	111.0	310.0	 2
0.181171075462	13.0	186.0	111.0	310.0	 1
0.18307790444	13.0	185.0	112.0	310.0	 2
0.184740180539	12.0	186.0	112.0	310.0	 1
0.185234263453	12.0	185.0	113.0	310.0	 2
0.187220237586	12.0	184.0	114.0	310.0	 2
0.188315974709	12.0	183.0	115.0	310.0	 2
0.191216100516	12.0	182.0	116.0	310.0	 2
0.193655101848	11.0	183.0	116.0	310.0	 1
0.194543865463	11.0	182.0	117.0	310.0	 2
0.199097758155	10.0	183.0	117.0	310.0	 1
0.20255061401	10.0	182.0	118.0	310.0	 2
0.203716473152	10.0	181.0	119.0	310.0	 2
0.21473248592	10.0	180.0	120.0	310.0	 2
0.219162962168	9.0	181.0	120.0	310.0	 1
0.224384628194	9.0	180.0	121.0	310.0	 2
0.230834159114	9.0	179.0	122.0	310.0	 2
0.237526691589	8.0	180.0	122.0	310.0	 1
0.245086721391	8.0	179.0	123.0	310.0	 2
0.249761887525	8.0	178.0	124.0	310.0	 2
0.258652024154	8.0	177.0	125.0	310.0	 2
0.266890141171	8.0	176.0	126.0	310.0	 2
0.269499417255	7.0	177.0	126.0	310.0	 1
0.272398321183	7.0	176.0	127.0	310.0	 2
0.275231555936	7.0	175.0	128.0	310.0	 2
0.276581557773	7.0	174.0	129.0	310.0	 2
0.277220217888	6.0	175.0	129.0	310.0	 1
0.281675405045	6.0	174.0	130.0	310.0	 2
0.289206621478	6.0	173.0	131.0	310.0	 2
0.293565770961	6.0	172.0	132.0	310.0	 2
0.306117372284	6.0	171.0	133.0	310.0	 2
0.311633766991	6.0	170.0	134.0	310.0	 2
0.316607808768	6.0	169.0	135.0	310.0	 2
0.319132753751	6.0	168.0	136.0	310.0	 2
0.319343935069	6.0	167.0	137.0	310.0	 2
0.325290397569	6.0	166.0	138.0	310.0	 2
0.328416870246	6.0	165.0	139.0	310.0	 2
0.328746445179	6.0	164.0	140.0	310.0	 2
0.331044598311	6.0	163.0	141.0	310.0	 2
0.349992399994	6.0	162.0	142.0	310.0	 2
0.350680641224	6.0	161.0	143.0	310.0	 2
0.373427737496	6.0	160.0	144.0	310.0	 2
0.381706192084	5.0	161.0	144.0	310.0	 1
0.382511247598	5.0	160.0	145.0	310.0	 2
0.386479341125	5.0	159.0	146.0	310.0	 2
0.392403633946	5.0	158.0	147.0	310.0	 2
0.39315703363	5.0	157.0	148.0	310.0	 2
0.393638157124	5.0	156.0	149.0	310.0	 2
0.397696190701	5.0	155.0	150.0	310.0	 2
0.398592696664	4.0	156.0	150.0	310.0	 1
0.405448468139	3.0	157.0	150.0	310.0	 1
0.41971041859	3.0	156.0	151.0	310.0	 2
0.420507331447	3.0	155.0	152.0	310.0	 2
0.421498785063	3.0	154.0	153.0	310.0	 2
0.423496763605	3.0	153.0	154.0	310.0	 2
0.425726759024	3.0	152.0	155.0	310.0	 2
0.446399529889	3.0	151.0	156.0	310.0	 2
0.454030996054	3.0	150.0	157.0	310.0	 2
0.454545454545	3.0	150.0	157.0	310.0	 0
