# reactions: 2
Time	S	I	R	N	Fired Reaction
0.0	46.0	181.0	83.0	310.0	 0
0.00261101547666	45.0	182.0	83.0	310.0	 1
0.00358227435956	45.0	181.0	84.0	310.0	 2
0.00535559123649	44.0	182.0	84.0	310.0	 1
0.00902889734314	43.0	183.0	84.0	310.0	 1
0.0112425710408	42.0	184.0	84.0	310.0	 1
0.0131359877684	42.0	183.0	85.0	310.0	 2
0.0157672781732	41.0	184.0	85.0	310.0	 1
0.0186191916684	40.0	185.0	85.0	310.0	 1
0.0190870743837	40.0	184.0	86.0	310.0	 2
0.0224343312183	40.0	183.0	87.0	310.0	 2
0.0252757316145	39.0	184.0	87.0	310.0	 1
0.0278105378658	39.0	183.0	88.0	310.0	 2
0.0316122255611	39.0	182.0	89.0	310.0	 2
0.0333456126916	38.0	183.0	89.0	310.0	 1
0.0369084089537	38.0	182.0	90.0	310.0	 2
0.0369863546325	37.0	183.0	90.0	310.0	 1
0.0373463983589	37.0	182.0	91.0	310.0	 2
0.0376685711507	37.0	181.0	92.0	310.0	 2
0.0425297045057	36.0	182.0	92.0	310.0	 1
0.043505921856	35.0	183.0	92.0	310.0	 1
0.0438782925743	34.0	184.0	92.0	310.0	 1
0.0452860115071	34.0	183.0	93.0	310.0	 2
0.0456732254925	34.0	182.0	94.0	310.0	 2
0.0466569889969	34.0	181.0	95.0	310.0	 2
0.0490454548231	33.0	182.0	95.0	310.0	 1
0.0490620883346	32.0	183.0	95.0	310.0	 1
0.0492285425349	32.0	182.0	96.0	310.0	 2
0.0500235112939	31.0	183.0	96.0	310.0	 1
0.0519593695739	31.0	182.0	97.0	310.0	 2
0.0526605606374	30.0	183.0	97.0	310.0	 1
0.0572736959782	29.0	184.0	97.0	310.0	 1
0.0575500987587	29.0	183.0	98.0	310.0	 2
0.0577024674171	29.0	182.0	99.0	310.0	 2
0.0590944041604	29.0	181.0	100.0	310.0	 2
0.0716800879373	29.0	180.0	101.0	310.0	 2
0.0728764108527	28.0	181.0	101.0	310.0	 1
0.0761047941084	28.0	180.0	102.0	310.0	 2
0.0761984703182	27.0	181.0	102.0	310.0	 1
0.0837913836792	26.0	182.0	102.0	310.0	 1
0.0986231865841	26.0	181.0	103.0	310.0	 2
0.100728004428	26.0	180.0	104.0	310.0	 2
0.101697069555	25.0	181.0	104.0	310.0	 1
0.105987552868	24.0	182.0	104.0	310.0	 1
0.107347710462	24.0	181.0	105.0	310.0	 2
0.108418137871	24.0	180.0	106.0	310.0	 2
0.109540020554	23.0	181.0	106.0	310.0	 1
0.11542276618	23.0	180.0	107.0	310.0	 2
0.122650825757	23.0	179.0	108.0	310.0	 2
0.123350508523	22.0	180.0	108.0	310.0	 1
0.124089341622	22.0	179.0	109.0	310.0	 2
0.124135810302	22.0	178.0	110.0	310.0	 2
0.126311410335	21.0	179.0	110.0	310.0	 1
0.131421992867	21.0	178.0	111.0	310.0	 2
0.140088807673	21.0	177.0	112.0	310.0	 2
0.142365826864	20.0	178.0	112.0	310.0	 1
0.148583456991	20.0	177.0	113.0	310.0	 2
0.148629049426	20.0	176.0	114.0	310.0	 2
0.151097101356	19.0	177.0	114.0	310.0	 1
0.153676449968	19.0	176.0	115.0	310.0	 2
0.155530028804	18.0	177.0	115.0	310.0	 1
0.155697955238	18.0	176.0	116.0	310.0	 2
0.159219168501	18.0	175.0	117.0	310.0	 2
0.164037812442	18.0	174.0	118.0	310.0	 2
0.165952432034	18.0	173.0	119.0	310.0	 2
0.168855747065	17.0	174.0	119.0	310.0	 1
0.171549351248	16.0	175.0	119.0	310.0	 1
0.180175187573	16.0	174.0	120.0	310.0	 2
0.180493409336	15.0	175.0	120.0	310.0	 1
0.182554806503	15.0	174.0	121.0	310.0	 2
0.192593685219	15.0	173.0	122.0	310.0	 2
0.193065405296	15.0	172.0	123.0	310.0	 2
0.197802682408	14.0	173.0	123.0	310.0	 1
0.208930191536	14.0	172.0	124.0	310.0	 2
0.213092163197	14.0	171.0	125.0	310.0	 2
0.218096733714	14.0	170.0	126.0	310.0	 2
0.221045788847	14.0	169.0	127.0	310.0	 2
0.221182694638	14.0	168.0	128.0	310.0	 2
0.223307134533	14.0	167.0	129.0	310.0	 2
0.225806922263	14.0	166.0	130.0	310.0	 2
0.239342854929	14.0	165.0	131.0	310.0	 2
0.240177024133	14.0	164.0	132.0	310.0	 2
0.241756911351	13.0	165.0	132.0	310.0	 1
0.242406209842	13.0	164.0	133.0	310.0	 2
0.246738772092	13.0	163.0	134.0	310.0	 2
0.250541113924	12.0	164.0	134.0	310.0	 1
0.251007411776	12.0	163.0	135.0	310.0	 2
0.260741377045	11.0	164.0	135.0	310.0	 1
0.269482330697	11.0	163.0	136.0	310.0	 2
0.280303858863	11.0	162.0	137.0	310.0	 2
0.282217814915	11.0	161.0	138.0	310.0	 2
0.28463805467	10.0	162.0	138.0	310.0	 1
0.289407512408	9.0	163.0	138.0	310.0	 1
0.294339636344	9.0	162.0	139.0	310.0	 2
0.296479134455	9.0	161.0	140.0	310.0	 2
0.298820893515	9.0	160.0	141.0	310.0	 2
0.301242272405	9.0	159.0	142.0	310.0	 2
0.31140481491	9.0	158.0	143.0	310.0	 2
0.311429297738	9.0	157.0	144.0	310.0	 2
0.337733515311	9.0	156.0	145.0	310.0	 2
0.34334638261	8.0	157.0	145.0	310.0	 1
0.346558760145	8.0	156.0	146.0	310.0	 2
0.351963341698	8.0	155.0	147.0	310.0	 2
0.352282057093	8.0	154.0	148.0	310.0	 2
0.352625897011	7.0	155.0	148.0	310.0	 1
0.35532949977	7.0	154.0	149.0	310.0	 2
0.35625139445	7.0	153.0	150.0	310.0	 2
0.361580895339	7.0	152.0	151.0	310.0	 2
0.373172759047	7.0	151.0	152.0	310.0	 2
0.378695441189	7.0	150.0	153.0	310.0	 2
0.379494962459	7.0	149.0	154.0	310.0	 2
0.382686448897	7.0	148.0	155.0	310.0	 2
0.38405397788	7.0	147.0	156.0	310.0	 2
0.385233155999	7.0	146.0	157.0	310.0	 2
0.390129360137	7.0	145.0	158.0	310.0	 2
0.403683625357	7.0	144.0	159.0	310.0	 2
0.4046745773	7.0	143.0	160.0	310.0	 2
0.41626200856	7.0	142.0	161.0	310.0	 2
0.421871438228	6.0	143.0	161.0	310.0	 1
0.435896782703	6.0	142.0	162.0	310.0	 2
0.437962310836	5.0	143.0	162.0	310.0	 1
0.439332250596	5.0	142.0	163.0	310.0	 2
0.441158781784	5.0	141.0	164.0	310.0	 2
0.443490663045	5.0	140.0	165.0	310.0	 2
0.450470787615	5.0	139.0	166.0	310.0	 2
0.454545454545	5.0	139.0	166.0	310.0	 0
