# reactions: 2
Time	S	I	R	N	Fired Reaction
0.0	46.0	181.0	83.0	310.0	 0
0.00694479692333	45.0	182.0	83.0	310.0	 1
0.00706903329468	45.0	181.0	84.0	310.0	 2
0.0124100030266	45.0	180.0	85.0	310.0	 2
0.0136268953423	44.0	181.0	85.0	310.0	 1
0.014014237265	44.0	180.0	86.0	310.0	 2
0.0143269181981	44.0	179.0	87.0	310.0	 2
0.0144789745396	43.0	180.0	87.0	310.0	 1
0.0154766323375	42.0	181.0	87.0	310.0	 1
0.0174189544046	41.0	182.0	87.0	310.0	 1
0.0220038748143	40.0	183.0	87.0	310.0	 1
0.0275901524451	40.0	182.0	88.0	310.0	 2
0.0313899300228	39.0	183.0	88.0	310.0	 1
0.0331187130047	39.0	182.0	89.0	310.0	 2
0.0391191891845	38.0	183.0	89.0	310.0	 1
0.039383203259	37.0	184.0	89.0	310.0	 1
0.0397833330462	36.0	185.0	89.0	310.0	 1
0.0418963683128	36.0	184.0	90.0	310.0	 2
0.0457560496967	36.0	183.0	91.0	310.0	 2
0.0488326309599	35.0	184.0	91.0	310.0	 1
0.0494474461282	34.0	185.0	91.0	310.0	 1
0.0556250128364	33.0	186.0	91.0	310.0	 1
0.0562403349839	33.0	185.0	92.0	310.0	 2
0.0596165839797	32.0	186.0	92.0	310.0	 1
0.0629308766592	31.0	187.0	92.0	310.0	 1
0.0640198592455	30.0	188.0	92.0	310.0	 1
0.0647370721112	30.0	187.0	93.0	310.0	 2
0.0659436616084	30.0	186.0	94.0	310.0	 2
0.0663931775642	29.0	187.0	94.0	310.0	 1
0.0678783752554	28.0	188.0	94.0	310.0	 1
0.0700301938394	28.0	187.0	95.0	310.0	 2
0.0703496135677	28.0	186.0	96.0	310.0	 2
0.0711568438486	27.0	187.0	96.0	310.0	 1
0.0719138218345	27.0	186.0	97.0	310.0	 2
0.0726593080029	27.0	185.0	98.0	310.0	 2
0.0766845587589	26.0	186.0	98.0	310.0	 1
0.0779418400607	25.0	187.0	98.0	310.0	 1
0.0824276894072	24.0	188.0	98.0	310.0	 1
0.0825832354359	24.0	187.0	99.0	310.0	 2
0.0831352204472	24.0	186.0	100.0	310.0	 2
0.0883523086917	24.0	185.0	101.0	310.0	 2
0.0888138730293	23.0	186.0	101.0	310.0	 1
0.0908179778628	23.0	185.0	102.0	310.0	 2
0.091607642591	22.0	186.0	102.0	310.0	 1
0.0945104912452	22.0	185.0	103.0	310.0	 2
0.0991022292942	21.0	186.0	103.0	310.0	 1
0.103669563043	20.0	187.0	103.0	310.0	 1
0.104559772443	19.0	188.0	103.0	310.0	 1
0.105802838996	19.0	187.0	104.0	310.0	 2
0.110222844579	19.0	186.0	105.0	310.0	 2
0.112121456571	18.0	187.0	105.0	310.0	 1
0.119246634359	18.0	186.0	106.0	310.0	 2
0.120297109127	17.0	187.0	106.0	310.0	 1
0.130591212591	16.0	188.0	106.0	310.0	 1
0.130702480929	15.0	189.0	106.0	310.0	 1
0.135748463855	15.0	188.0	107.0	310.0	 2
0.139448330997	15.0	187.0	108.0	310.0	 2
0.149211667371	14.0	188.0	108.0	310.0	 1
0.154544070654	14.0	187.0	109.0	310.0	 2
0.156648531801	14.0	186.0	110.0	310.0	 2
0.157186450954	13.0	187.0	110.0	310.0	 1
0.161098821588	12.0	188.0	110.0	310.0	 1
0.168168191919	12.0	187.0	111.0	310.0	 2
0.169927292439	11.0	188.0	111.0	310.0	 1
0.175873210806	11.0	187.0	112.0	310.0	 2
0.178461063321	11.0	186.0	113.0	310.0	 2
0.18287178323	11.0	185.0	114.0	310.0	 2
0.189732290874	11.0	184.0	115.0	310.0	 2
0.190748390149	11.0	183.0	116.0	310.0	 2
0.19173224432	11.0	182.0	117.0	310.0	 2
0.200655288751	10.0	183.0	117.0	310.0	 1
0.201279988707	9.0	184.0	117.0	310.0	 1
0.204986588761	9.0	183.0	118.0	310.0	 2
0.211417069392	9.0	182.0	119.0	310.0	 2
0.2119136449	9.0	181.0	120.0	310.0	 2
0.231176461398	9.0	180.0	121.0	310.0	 2
0.233368858519	9.0	179.0	122.0	310.0	 2
0.242686978385	9.0	178.0	123.0	310.0	 2
0.243890470619	9.0	177.0	124.0	310.0	 2
0.249134756778	9.0	176.0	125.0	310.0	 2
0.258266037972	9.0	175.0	126.0	310.0	 2
0.268410880312	9.0	174.0	127.0	310.0	 2
0.26973721139	9.0	173.0	128.0	310.0	 2
0.271759838325	9.0	172.0	129.0	310.0	 2
0.275208395715	9.0	171.0	130.0	310.0	 2
0.278226577936	9.0	170.0	131.0	310.0	 2
0.282054836362	9.0	169.0	132.0	310.0	 2
0.285190081371	8.0	170.0	132.0	310.0	 1
0.286174362713	8.0	169.0	133.0	310.0	 2
0.287535337109	8.0	168.0	134.0	310.0	 2
0.295544275417	8.0	167.0	135.0	310.0	 2
0.306112197485	8.0	166.0	136.0	310.0	 2
0.309257996858	7.0	167.0	136.0	310.0	 1
0.313985523808	7.0	166.0	137.0	310.0	 2
0.330909363056	7.0	165.0	138.0	310.0	 2
0.340904171084	7.0	164.0	139.0	310.0	 2
0.34192874425	7.0	163.0	140.0	310.0	 2
0.368911443845	7.0	162.0	141.0	310.0	 2
0.384573524608	7.0	161.0	142.0	310.0	 2
0.397641033029	7.0	160.0	143.0	310.0	 2
0.400924495491	7.0	159.0	144.0	310.0	 2
0.40243553713	7.0	158.0	145.0	310.0	 2
0.402812394016	7.0	157.0	146.0	310.0	 2
0.417335113077	7.0	156.0	147.0	310.0	 2
0.426181102497	7.0	155.0	148.0	310.0	 2
0.436749944721	7.0	154.0	149.0	310.0	 2
0.441499585386	7.0	153.0	150.0	310.0	 2
0.449433707508	7.0	152.0	151.0	310.0	 2
0.454545454545	7.0	152.0	151.0	310.0	 0
