# reactions: 2
Time	S	I	R	N	Fired Reaction
0.0	46.0	181.0	83.0	310.0	 0
0.00183128337749	46.0	180.0	84.0	310.0	 2
0.00280130290957	45.0	181.0	84.0	310.0	 1
0.00330008932277	45.0	180.0	85.0	310.0	 2
0.00443228499286	44.0	181.0	85.0	310.0	 1
0.00608087002164	43.0	182.0	85.0	310.0	 1
0.00987660520436	43.0	181.0	86.0	310.0	 2
0.0135985188129	43.0	180.0	87.0	310.0	 2
0.0265102461131	43.0	179.0	88.0	310.0	 2
0.0271960200772	42.0	180.0	88.0	310.0	 1
0.0308751948749	41.0	181.0	88.0	310.0	 1
0.0316633402041	40.0	182.0	88.0	310.0	 1
0.0348054819738	39.0	183.0	88.0	310.0	 1
0.0356476510177	39.0	182.0	89.0	310.0	 2
0.0372894132946	38.0	183.0	89.0	310.0	 1
0.0417161286239	37.0	184.0	89.0	310.0	 1
0.0448074771819	37.0	183.0	90.0	310.0	 2
0.0449384535742	36.0	184.0	90.0	310.0	 1
0.0540409362924	35.0	185.0	90.0	310.0	 1
0.0632061818271	35.0	184.0	91.0	310.0	 2
0.0644432928998	35.0	183.0	92.0	310.0	 2
0.06787533641	34.0	184.0	92.0	310.0	 1
0.0720483243444	33.0	185.0	92.0	310.0	 1
0.0756470276814	33.0	184.0	93.0	310.0	 2
0.0772899290134	32.0	185.0	93.0	310.0	 1
0.080898485524	31.0	186.0	93.0	310.0	 1
0.082887754211	30.0	187.0	93.0	310.0	 1
0.0914133797731	29.0	188.0	93.0	310.0	 1
0.0940570074133	28.0	189.0	93.0	310.0	 1
0.094899750218	28.0	188.0	94.0	310.0	 2
0.0980924719901	27.0	189.0	94.0	310.0	 1
0.117200558457	26.0	190.0	94.0	310.0	 1
0.117353804513	25.0	191.0	94.0	310.0	 1
0.121722205783	25.0	190.0	95.0	310.0	 2
0.125564209564	24.0	191.0	95.0	310.0	 1
0.13382402476	23.0	192.0	95.0	310.0	 1
0.134274566842	22.0	193.0	95.0	310.0	 1
0.141891531483	22.0	192.0	96.0	310.0	 2
0.143780603186	22.0	191.0	97.0	310.0	 2
0.144098839118	21.0	192.0	97.0	310.0	 1
0.146938836412	20.0	193.0	97.0	310.0	 1
0.152690038507	20.0	192.0	98.0	310.0	 2
0.160660219163	20.0	191.0	99.0	310.0	 2
0.164864675713	20.0	190.0	100.0	310.0	 2
0.165197470401	20.0	189.0	101.0	310.0	 2
0.170732656301	19.0	190.0	101.0	310.0	 1
0.175850883582	19.0	189.0	102.0	310.0	 2
0.180956647261	19.0	188.0	103.0	310.0	 2
0.181097864545	19.0	187.0	104.0	310.0	 2
0.181280355981	19.0	186.0	105.0	310.0	 2
0.188303844329	18.0	187.0	105.0	310.0	 1
0.191089494502	18.0	186.0	106.0	310.0	 2
0.191387606059	17.0	187.0	106.0	310.0	 1
0.193642948354	16.0	188.0	106.0	310.0	 1
0.194112843792	16.0	187.0	107.0	310.0	 2
0.194306656901	16.0	186.0	108.0	310.0	 2
0.20324475526	16.0	185.0	109.0	310.0	 2
0.205809155188	16.0	184.0	110.0	310.0	 2
0.207114663609	15.0	185.0	110.0	310.0	 1
0.208856493837	14.0	186.0	110.0	310.0	 1
0.210409361229	13.0	187.0	110.0	310.0	 1
0.212605947667	13.0	186.0	111.0	310.0	 2
0.217724810174	13.0	185.0	112.0	310.0	 2
0.217745118464	13.0	184.0	113.0	310.0	 2
0.220120205269	13.0	183.0	114.0	310.0	 2
0.222475340706	13.0	182.0	115.0	310.0	 2
0.224389095983	13.0	181.0	116.0	310.0	 2
0.23406945027	13.0	180.0	117.0	310.0	 2
0.239481307433	13.0	179.0	118.0	310.0	 2
0.244320777579	12.0	180.0	118.0	310.0	 1
0.245178999119	12.0	179.0	119.0	310.0	 2
0.245678871369	12.0	178.0	120.0	310.0	 2
0.268415088225	12.0	177.0	121.0	310.0	 2
0.273622909802	12.0	176.0	122.0	310.0	 2
0.274087095413	11.0	177.0	122.0	310.0	 1
0.280479677706	11.0	176.0	123.0	310.0	 2
0.292472007408	11.0	175.0	124.0	310.0	 2
0.292535357547	11.0	174.0	125.0	310.0	 2
0.294240600825	10.0	175.0	125.0	310.0	 1
0.297165310314	10.0	174.0	126.0	310.0	 2
0.299601068859	10.0	173.0	127.0	310.0	 2
0.301345843739	10.0	172.0	128.0	310.0	 2
0.302522523906	10.0	171.0	129.0	310.0	 2
0.307521895965	9.0	172.0	129.0	310.0	 1
0.311570911363	9.0	171.0	130.0	310.0	 2
0.312794088136	9.0	170.0	131.0	310.0	 2
0.313518929217	8.0	171.0	131.0	310.0	 1
0.31874724648	8.0	170.0	132.0	310.0	 2
0.323852232211	8.0	169.0	133.0	310.0	 2
0.324843273534	8.0	168.0	134.0	310.0	 2
0.327686986542	8.0	167.0	135.0	310.0	 2
0.329073479635	7.0	168.0	135.0	310.0	 1
0.338629075853	6.0	169.0	135.0	310.0	 1
0.33917142216	5.0	170.0	135.0	310.0	 1
0.348243840047	4.0	171.0	135.0	310.0	 1
0.349042325136	4.0	170.0	136.0	310.0	 2
0.358017755394	4.0	169.0	137.0	310.0	 2
0.360101149799	4.0	168.0	138.0	310.0	 2
0.360248431843	4.0	167.0	139.0	310.0	 2
0.373791507296	4.0	166.0	140.0	310.0	 2
0.37648860428	4.0	165.0	141.0	310.0	 2
0.378549242321	4.0	164.0	142.0	310.0	 2
0.385995192784	4.0	163.0	143.0	310.0	 2
0.387704067777	4.0	162.0	144.0	310.0	 2
0.388745239641	3.0	163.0	144.0	310.0	 1
0.395194881431	3.0	162.0	145.0	310.0	 2
0.413437841335	3.0	161.0	146.0	310.0	 2
0.417686956816	3.0	160.0	147.0	310.0	 2
0.417966273605	3.0	159.0	148.0	310.0	 2
0.419740798664	3.0	158.0	149.0	310.0	 2
0.427367471125	3.0	157.0	150.0	310.0	 2
0.43327700659	3.0	156.0	151.0	310.0	 2
0.435519645577	3.0	155.0	152.0	310.0	 2
0.438471880988	3.0	154.0	153.0	310.0	 2
0.443131504943	3.0	153.0	154.0	310.0	 2
0.452402174795	2.0	154.0	154.0	310.0	 1
0.454545454545	2.0	154.0	154.0	310.0	 0
