# reactions: 2
Time	S	I	R	N	Fired Reaction
0.0	46.0	181.0	83.0	310.0	 0
0.00240289248865	45.0	182.0	83.0	310.0	 1
0.00418883811538	45.0	181.0	84.0	310.0	 2
0.0051975443852	45.0	180.0	85.0	310.0	 2
0.0109298151592	44.0	181.0	85.0	310.0	 1
0.0112946864063	43.0	182.0	85.0	310.0	 1
0.012163938389	42.0	183.0	85.0	310.0	 1
0.0142755369517	41.0	184.0	85.0	310.0	 1
0.0153879865663	40.0	185.0	85.0	310.0	 1
0.0171631790218	40.0	184.0	86.0	310.0	 2
0.0194202610614	40.0	183.0	87.0	310.0	 2
0.0206352377992	39.0	184.0	87.0	310.0	 1
0.0248344099043	38.0	185.0	87.0	310.0	 1
0.0277584755131	38.0	184.0	88.0	310.0	 2
0.0300657754764	37.0	185.0	88.0	310.0	 1
0.0314582376187	36.0	186.0	88.0	310.0	 1
0.0335047074727	35.0	187.0	88.0	310.0	 1
0.0351380087048	34.0	188.0	88.0	310.0	 1
0.0402987288297	33.0	189.0	88.0	310.0	 1
0.0429524098086	32.0	190.0	88.0	310.0	 1
0.0443099434466	31.0	191.0	88.0	310.0	 1
0.0443348674065	31.0	190.0	89.0	310.0	 2
0.0521877514763	31.0	189.0	90.0	310.0	 2
0.0578342256024	31.0	188.0	91.0	310.0	 2
0.060414140024	31.0	187.0	92.0	310.0	 2
0.0615061090972	30.0	188.0	92.0	310.0	 1
0.063363238824	30.0	187.0	93.0	310.0	 2
0.0633929277827	29.0	188.0	93.0	310.0	 1
0.0663752652199	29.0	187.0	94.0	310.0	 2
0.0667803301148	28.0	188.0	94.0	310.0	 1
0.0694299571185	28.0	187.0	95.0	310.0	 2
0.0694803275338	28.0	186.0	96.0	310.0	 2
0.0719038224449	28.0	185.0	97.0	310.0	 2
0.0723351870429	27.0	186.0	97.0	310.0	 1
0.0728252598609	27.0	185.0	98.0	310.0	 2
0.0743042828838	26.0	186.0	98.0	310.0	 1
0.0760093641653	26.0	185.0	99.0	310.0	 2
0.0769083027354	26.0	184.0	100.0	310.0	 2
0.0832466058631	25.0	185.0	100.0	310.0	 1
0.0855411333918	25.0	184.0	101.0	310.0	 2
0.0896084308418	25.0	183.0	102.0	310.0	 2
0.0896883465924	25.0	182.0	103.0	310.0	 2
0.0921709088674	25.0	181.0	104.0	310.0	 2
0.0945538242886	25.0	180.0	105.0	310.0	 2
0.0970529165692	25.0	179.0	106.0	310.0	 2
0.0973683641072	25.0	178.0	107.0	310.0	 2
0.101105617058	25.0	177.0	108.0	310.0	 2
0.106883852314	24.0	178.0	108.0	310.0	 1
0.107759419392	23.0	179.0	108.0	310.0	 1
0.109630547794	22.0	180.0	108.0	310.0	 1
0.115514762342	22.0	179.0	109.0	310.0	 2
0.121679276858	22.0	178.0	110.0	310.0	 2
0.123077082056	22.0	177.0	111.0	310.0	 2
0.13213284699	22.0	176.0	112.0	310.0	 2
0.138339975873	22.0	175.0	113.0	310.0	 2
0.143051319918	21.0	176.0	113.0	310.0	 1
0.144113554824	20.0	177.0	113.0	310.0	 1
0.145509790607	20.0	176.0	114.0	310.0	 2
0.145920747527	20.0	175.0	115.0	310.0	 2
0.149451080411	20.0	174.0	116.0	310.0	 2
0.152966281126	20.0	173.0	117.0	310.0	 2
0.159861492855	20.0	172.0	118.0	310.0	 2
0.162145851524	20.0	171.0	119.0	310.0	 2
0.167227244598	19.0	172.0	119.0	310.0	 1
0.169273019161	19.0	171.0	120.0	310.0	 2
0.170139957202	19.0	170.0	121.0	310.0	 2
0.172183161571	19.0	169.0	122.0	310.0	 2
0.177294372343	18.0	170.0	122.0	310.0	 1
0.178403412931	18.0	169.0	123.0	310.0	 2
0.195025378794	17.0	170.0	123.0	310.0	 1
0.196630754245	16.0	171.0	123.0	310.0	 1
0.198507327211	16.0	170.0	124.0	310.0	 2
0.212555735696	16.0	169.0	125.0	310.0	 2
0.215648226662	16.0	168.0	126.0	310.0	 2
0.21807177912	15.0	169.0	126.0	310.0	 1
0.219551770442	14.0	170.0	126.0	310.0	 1
0.223562027632	14.0	169.0	127.0	310.0	 2
0.242298391768	14.0	168.0	128.0	310.0	 2
0.243883071292	14.0	167.0	129.0	310.0	 2
0.246288055048	13.0	168.0	129.0	310.0	 1
0.248993826495	13.0	167.0	130.0	310.0	 2
0.258313475318	13.0	166.0	131.0	310.0	 2
0.266444556606	13.0	165.0	132.0	310.0	 2
0.266880945167	13.0	164.0	133.0	310.0	 2
0.269901078122	13.0	163.0	134.0	310.0	 2
0.270328503826	12.0	164.0	134.0	310.0	 1
0.27046485218	11.0	165.0	134.0	310.0	 1
0.27074798139	11.0	164.0	135.0	310.0	 2
0.294214632731	11.0	163.0	136.0	310.0	 2
0.302960932661	11.0	162.0	137.0	310.0	 2
0.304809187228	11.0	161.0	138.0	310.0	 2
0.305895936002	10.0	162.0	138.0	310.0	 1
0.320618223857	10.0	161.0	139.0	310.0	 2
0.321367906624	9.0	162.0	139.0	310.0	 1
0.321825469685	9.0	161.0	140.0	310.0	 2
0.331562315444	9.0	160.0	141.0	310.0	 2
0.334565971793	8.0	161.0	141.0	310.0	 1
0.345635741799	7.0	162.0	141.0	310.0	 1
0.365104145825	7.0	161.0	142.0	310.0	 2
0.372386523927	7.0	160.0	143.0	310.0	 2
0.377771467534	6.0	161.0	143.0	310.0	 1
0.382943666127	6.0	160.0	144.0	310.0	 2
0.385071424499	6.0	159.0	145.0	310.0	 2
0.392797910323	6.0	158.0	146.0	310.0	 2
0.409892922778	5.0	159.0	146.0	310.0	 1
0.417908712504	5.0	158.0	147.0	310.0	 2
0.419460888267	5.0	157.0	148.0	310.0	 2
0.427123385637	5.0	156.0	149.0	310.0	 2
0.43805110415	5.0	155.0	150.0	310.0	 2
0.439668942022	5.0	154.0	151.0	310.0	 2
0.440679513597	5.0	153.0	152.0	310.0	 2
0.450585552016	5.0	152.0	153.0	310.0	 2
0.452035626148	5.0	151.0	154.0	310.0	 2
0.454545454545	5.0	151.0	154.0	310.0	 0
