# reactions: 2
Time	S	I	R	N	Fired Reaction
0.0	46.0	181.0	83.0	310.0	 0
0.00185889365878	45.0	182.0	83.0	310.0	 1
0.00221147682783	45.0	181.0	84.0	310.0	 2
0.0118573481873	44.0	182.0	84.0	310.0	 1
0.0122677768373	44.0	181.0	85.0	310.0	 2
0.0206177231139	43.0	182.0	85.0	310.0	 1
0.021566508293	43.0	181.0	86.0	310.0	 2
0.0222136627567	43.0	180.0	87.0	310.0	 2
0.0344852346314	42.0	181.0	87.0	310.0	 1
0.0370119604283	42.0	180.0	88.0	310.0	 2
0.0418685871692	42.0	179.0	89.0	310.0	 2
0.0419188617658	41.0	180.0	89.0	310.0	 1
0.0450452568359	40.0	181.0	89.0	310.0	 1
0.0479448841023	40.0	180.0	90.0	310.0	 2
0.0501049504244	39.0	181.0	90.0	310.0	 1
0.0545521520378	38.0	182.0	90.0	310.0	 1
0.0563476842558	38.0	181.0	91.0	310.0	 2
0.0608228093709	37.0	182.0	91.0	310.0	 1
0.0688225051219	36.0	183.0	91.0	310.0	 1
0.0706431985087	35.0	184.0	91.0	310.0	 1
0.0791401200555	34.0	185.0	91.0	310.0	 1
0.0795087461632	33.0	186.0	91.0	310.0	 1
0.0807100060027	33.0	185.0	92.0	310.0	 2
0.0820888846126	32.0	186.0	92.0	310.0	 1
0.0827490014071	31.0	187.0	92.0	310.0	 1
0.0840815074939	30.0	188.0	92.0	310.0	 1
0.088060669313	30.0	187.0	93.0	310.0	 2
0.0899032122156	29.0	188.0	93.0	310.0	 1
0.0906037830544	29.0	187.0	94.0	310.0	 2
0.0926338529615	28.0	188.0	94.0	310.0	 1
0.0955770849993	28.0	187.0	95.0	310.0	 2
0.106428133417	28.0	186.0	96.0	310.0	 2
0.107802714906	27.0	187.0	96.0	310.0	 1
0.111171738227	26.0	188.0	96.0	310.0	 1
0.112367032565	25.0	189.0	96.0	310.0	 1
0.112412289619	25.0	188.0	97.0	310.0	 2
0.114201147263	25.0	187.0	98.0	310.0	 2
0.115711796954	25.0	186.0	99.0	310.0	 2
0.123234638902	25.0	185.0	100.0	310.0	 2
0.125112797407	25.0	184.0	101.0	310.0	 2
0.126551699031	25.0	183.0	102.0	310.0	 2
0.133387240346	24.0	184.0	102.0	310.0	 1
0.134752776558	24.0	183.0	103.0	310.0	 2
0.145866427362	23.0	184.0	103.0	310.0	 1
0.146151890767	23.0	183.0	104.0	310.0	 2
0.155635786265	23.0	182.0	105.0	310.0	 2
0.161215659885	23.0	181.0	106.0	310.0	 2
0.16410946226	22.0	182.0	106.0	310.0	 1
0.175382700177	22.0	181.0	107.0	310.0	 2
0.1782119314	21.0	182.0	107.0	310.0	 1
0.182134861918	21.0	181.0	108.0	310.0	 2
0.187656603005	20.0	182.0	108.0	310.0	 1
0.188499241509	20.0	181.0	109.0	310.0	 2
0.197286592373	19.0	182.0	109.0	310.0	 1
0.197869312842	19.0	181.0	110.0	310.0	 2
0.19827266777	19.0	180.0	111.0	310.0	 2
0.199080340864	19.0	179.0	112.0	310.0	 2
0.207579894984	19.0	178.0	113.0	310.0	 2
0.210289736572	19.0	177.0	114.0	310.0	 2
0.212016463616	18.0	178.0	114.0	310.0	 1
0.21371448183	18.0	177.0	115.0	310.0	 2
0.219334434592	17.0	178.0	115.0	310.0	 1
0.222897096394	17.0	177.0	116.0	310.0	 2
0.226925770545	16.0	178.0	116.0	310.0	 1
0.227466070154	16.0	177.0	117.0	310.0	 2
0.228205202308	16.0	176.0	118.0	310.0	 2
0.22990821628	16.0	175.0	119.0	310.0	 2
0.231569819984	15.0	176.0	119.0	310.0	 1
0.232830572993	15.0	175.0	120.0	310.0	 2
0.23361285654	15.0	174.0	121.0	310.0	 2
0.236686365825	15.0	173.0	122.0	310.0	 2
0.24064779439	15.0	172.0	123.0	310.0	 2
0.242797970469	15.0	171.0	124.0	310.0	 2
0.25758553017	15.0	170.0	125.0	310.0	 2
0.258806367834	15.0	169.0	126.0	310.0	 2
0.260447577167	15.0	168.0	127.0	310.0	 2
0.260899633697	15.0	167.0	128.0	310.0	 2
0.262899866512	15.0	166.0	129.0	310.0	 2
0.265725252407	15.0	165.0	130.0	310.0	 2
0.269585115559	15.0	164.0	131.0	310.0	 2
0.271213895418	15.0	163.0	132.0	310.0	 2
0.281261430664	15.0	162.0	133.0	310.0	 2
0.283164985122	14.0	163.0	133.0	310.0	 1
0.283620698141	14.0	162.0	134.0	310.0	 2
0.297226700823	14.0	161.0	135.0	310.0	 2
0.306313985059	14.0	160.0	136.0	310.0	 2
0.318399068397	14.0	159.0	137.0	310.0	 2
0.32124563875	14.0	158.0	138.0	310.0	 2
0.323096938731	13.0	159.0	138.0	310.0	 1
0.32407611162	13.0	158.0	139.0	310.0	 2
0.327860637169	13.0	157.0	140.0	310.0	 2
0.333080393835	13.0	156.0	141.0	310.0	 2
0.34214785441	13.0	155.0	142.0	310.0	 2
0.345621905184	13.0	154.0	143.0	310.0	 2
0.347236116833	12.0	155.0	143.0	310.0	 1
0.353649896951	11.0	156.0	143.0	310.0	 1
0.360383934848	11.0	155.0	144.0	310.0	 2
0.380767178453	10.0	156.0	144.0	310.0	 1
0.396506250389	10.0	155.0	145.0	310.0	 2
0.400119418265	10.0	154.0	146.0	310.0	 2
0.402577815697	9.0	155.0	146.0	310.0	 1
0.405149931295	9.0	154.0	147.0	310.0	 2
0.411512449883	9.0	153.0	148.0	310.0	 2
0.411871279872	9.0	152.0	149.0	310.0	 2
0.419370462427	8.0	153.0	149.0	310.0	 1
0.429787014612	8.0	152.0	150.0	310.0	 2
0.430690325008	8.0	151.0	151.0	310.0	 2
0.434317672336	7.0	152.0	151.0	310.0	 1
0.434840841978	7.0	151.0	152.0	310.0	 2
0.435901426491	6.0	152.0	152.0	310.0	 1
0.438433832872	6.0	151.0	153.0	310.0	 2
0.454545454545	6.0	151.0	153.0	310.0	 0
