# reactions: 2
Time	S	I	R	N	Fired Reaction
0.0	46.0	181.0	83.0	310.0	 0
0.00323020353152	45.0	182.0	83.0	310.0	 1
0.00947083371526	45.0	181.0	84.0	310.0	 2
0.00966224460336	45.0	180.0	85.0	310.0	 2
0.0127317713092	45.0	179.0	86.0	310.0	 2
0.0176452824217	44.0	180.0	86.0	310.0	 1
0.0197958982242	44.0	179.0	87.0	310.0	 2
0.0238042790095	43.0	180.0	87.0	310.0	 1
0.0299852059267	42.0	181.0	87.0	310.0	 1
0.0326831064493	42.0	180.0	88.0	310.0	 2
0.0351721477458	42.0	179.0	89.0	310.0	 2
0.0392192193091	41.0	180.0	89.0	310.0	 1
0.0398570930459	40.0	181.0	89.0	310.0	 1
0.0406344738131	39.0	182.0	89.0	310.0	 1
0.0438527627688	38.0	183.0	89.0	310.0	 1
0.0465135596645	38.0	182.0	90.0	310.0	 2
0.0486976276343	37.0	183.0	90.0	310.0	 1
0.0496880021862	37.0	182.0	91.0	310.0	 2
0.0520098567512	37.0	181.0	92.0	310.0	 2
0.0535532710916	36.0	182.0	92.0	310.0	 1
0.0597778750107	36.0	181.0	93.0	310.0	 2
0.0623353348655	36.0	180.0	94.0	310.0	 2
0.0647491014264	36.0	179.0	95.0	310.0	 2
0.0653417268689	35.0	180.0	95.0	310.0	 1
0.0669519034305	34.0	181.0	95.0	310.0	 1
0.0687289138292	34.0	180.0	96.0	310.0	 2
0.0695691427299	34.0	179.0	97.0	310.0	 2
0.0720883990276	34.0	178.0	98.0	310.0	 2
0.0728374630379	33.0	179.0	98.0	310.0	 1
0.0770469841346	33.0	178.0	99.0	310.0	 2
0.0781403079709	33.0	177.0	100.0	310.0	 2
0.0796552332026	33.0	176.0	101.0	310.0	 2
0.0821838193552	33.0	175.0	102.0	310.0	 2
0.0887827272466	33.0	174.0	103.0	310.0	 2
0.0917960656036	33.0	173.0	104.0	310.0	 2
0.0976073543827	33.0	172.0	105.0	310.0	 2
0.0985572100195	32.0	173.0	105.0	310.0	 1
0.105244793641	32.0	172.0	106.0	310.0	 2
0.106650278971	31.0	173.0	106.0	310.0	 1
0.11054911125	31.0	172.0	107.0	310.0	 2
0.112875637407	30.0	173.0	107.0	310.0	 1
0.118336208246	29.0	174.0	107.0	310.0	 1
0.118647122819	28.0	175.0	107.0	310.0	 1
0.124475118054	28.0	174.0	108.0	310.0	 2
0.126862979006	28.0	173.0	109.0	310.0	 2
0.129070560956	28.0	172.0	110.0	310.0	 2
0.135690000265	28.0	171.0	111.0	310.0	 2
0.135833543032	27.0	172.0	111.0	310.0	 1
0.142695665813	26.0	173.0	111.0	310.0	 1
0.146942198417	25.0	174.0	111.0	310.0	 1
0.147749812697	24.0	175.0	111.0	310.0	 1
0.159372823028	24.0	174.0	112.0	310.0	 2
0.162911601187	23.0	175.0	112.0	310.0	 1
0.162962073828	22.0	176.0	112.0	310.0	 1
0.163445477907	21.0	177.0	112.0	310.0	 1
0.164055299616	21.0	176.0	113.0	310.0	 2
0.16748102635	20.0	177.0	113.0	310.0	 1
0.17163108629	19.0	178.0	113.0	310.0	 1
0.175780443862	19.0	177.0	114.0	310.0	 2
0.181369114911	19.0	176.0	115.0	310.0	 2
0.188955596979	18.0	177.0	115.0	310.0	 1
0.194087936331	17.0	178.0	115.0	310.0	 1
0.195978975532	17.0	177.0	116.0	310.0	 2
0.198334009432	17.0	176.0	117.0	310.0	 2
0.202751837375	17.0	175.0	118.0	310.0	 2
0.228004766561	16.0	176.0	118.0	310.0	 1
0.22947537991	16.0	175.0	119.0	310.0	 2
0.23223588632	16.0	174.0	120.0	310.0	 2
0.236884433747	16.0	173.0	121.0	310.0	 2
0.237450496183	15.0	174.0	121.0	310.0	 1
0.245294123163	14.0	175.0	121.0	310.0	 1
0.246622291208	14.0	174.0	122.0	310.0	 2
0.247399338058	14.0	173.0	123.0	310.0	 2
0.251196983921	13.0	174.0	123.0	310.0	 1
0.252339242916	13.0	173.0	124.0	310.0	 2
0.259354868644	13.0	172.0	125.0	310.0	 2
0.262227734017	12.0	173.0	125.0	310.0	 1
0.274976432881	12.0	172.0	126.0	310.0	 2
0.285420708841	12.0	171.0	127.0	310.0	 2
0.289779387261	11.0	172.0	127.0	310.0	 1
0.292068362205	11.0	171.0	128.0	310.0	 2
0.292885763841	11.0	170.0	129.0	310.0	 2
0.294107331532	10.0	171.0	129.0	310.0	 1
0.303172960204	10.0	170.0	130.0	310.0	 2
0.305185502226	10.0	169.0	131.0	310.0	 2
0.306745484505	10.0	168.0	132.0	310.0	 2
0.312516343777	10.0	167.0	133.0	310.0	 2
0.314778139144	10.0	166.0	134.0	310.0	 2
0.321477369566	9.0	167.0	134.0	310.0	 1
0.322611229046	9.0	166.0	135.0	310.0	 2
0.332958961036	8.0	167.0	135.0	310.0	 1
0.342156224949	8.0	166.0	136.0	310.0	 2
0.346837745632	8.0	165.0	137.0	310.0	 2
0.353593902399	8.0	164.0	138.0	310.0	 2
0.363426744802	8.0	163.0	139.0	310.0	 2
0.370131877815	8.0	162.0	140.0	310.0	 2
0.377924635959	7.0	163.0	140.0	310.0	 1
0.379218493661	7.0	162.0	141.0	310.0	 2
0.388309128375	7.0	161.0	142.0	310.0	 2
0.389265170661	6.0	162.0	142.0	310.0	 1
0.389411805809	5.0	163.0	142.0	310.0	 1
0.390838714339	5.0	162.0	143.0	310.0	 2
0.394362556216	5.0	161.0	144.0	310.0	 2
0.395119691413	5.0	160.0	145.0	310.0	 2
0.395383900993	5.0	159.0	146.0	310.0	 2
0.41442322808	5.0	158.0	147.0	310.0	 2
0.419024268834	5.0	157.0	148.0	310.0	 2
0.430859847597	4.0	158.0	148.0	310.0	 1
0.441283917409	4.0	157.0	149.0	310.0	 2
0.443699348201	4.0	156.0	150.0	310.0	 2
0.45273276015	4.0	155.0	151.0	310.0	 2
0.454545454545	4.0	155.0	151.0	310.0	 0
