# reactions: 2
Time	S	I	R	N	Fired Reaction
0.0	46.0	181.0	83.0	310.0	 0
0.000276394793578	45.0	182.0	83.0	310.0	 1
0.000383507750366	45.0	181.0	84.0	310.0	 2
0.00373036979474	44.0	182.0	84.0	310.0	 1
0.0122949066631	44.0	181.0	85.0	310.0	 2
0.0142792571822	43.0	182.0	85.0	310.0	 1
0.0151749683232	42.0	183.0	85.0	310.0	 1
0.018868584143	42.0	182.0	86.0	310.0	 2
0.0284332873232	42.0	181.0	87.0	310.0	 2
0.0383938362585	42.0	180.0	88.0	310.0	 2
0.0403641547166	41.0	181.0	88.0	310.0	 1
0.0436232656341	40.0	182.0	88.0	310.0	 1
0.0479116540685	40.0	181.0	89.0	310.0	 2
0.0480486968774	39.0	182.0	89.0	310.0	 1
0.0540918752339	39.0	181.0	90.0	310.0	 2
0.055784606276	39.0	180.0	91.0	310.0	 2
0.057579565755	38.0	181.0	91.0	310.0	 1
0.0576907863797	37.0	182.0	91.0	310.0	 1
0.0589852223686	37.0	181.0	92.0	310.0	 2
0.059168114207	36.0	182.0	92.0	310.0	 1
0.0656589071066	36.0	181.0	93.0	310.0	 2
0.0680081726776	35.0	182.0	93.0	310.0	 1
0.0739385219264	34.0	183.0	93.0	310.0	 1
0.0863603080565	34.0	182.0	94.0	310.0	 2
0.0868501883531	34.0	181.0	95.0	310.0	 2
0.0897267429948	34.0	180.0	96.0	310.0	 2
0.0905109692627	34.0	179.0	97.0	310.0	 2
0.09071620715	34.0	178.0	98.0	310.0	 2
0.0909377053312	33.0	179.0	98.0	310.0	 1
0.0928261186996	32.0	180.0	98.0	310.0	 1
0.0951597311955	31.0	181.0	98.0	310.0	 1
0.0968070620792	31.0	180.0	99.0	310.0	 2
0.0978061329048	31.0	179.0	100.0	310.0	 2
0.101197143115	30.0	180.0	100.0	310.0	 1
0.102970588333	29.0	181.0	100.0	310.0	 1
0.103071832035	29.0	180.0	101.0	310.0	 2
0.103197315465	29.0	179.0	102.0	310.0	 2
0.10475050275	29.0	178.0	103.0	310.0	 2
0.107332819618	29.0	177.0	104.0	310.0	 2
0.108139658764	28.0	178.0	104.0	310.0	 1
0.111521336767	28.0	177.0	105.0	310.0	 2
0.119330033032	28.0	176.0	106.0	310.0	 2
0.121895685095	28.0	175.0	107.0	310.0	 2
0.135360669657	28.0	174.0	108.0	310.0	 2
0.142344870415	27.0	175.0	108.0	310.0	 1
0.144407875204	27.0	174.0	109.0	310.0	 2
0.147724383242	26.0	175.0	109.0	310.0	 1
0.157358743668	26.0	174.0	110.0	310.0	 2
0.157878212944	25.0	175.0	110.0	310.0	 1
0.159911044781	25.0	174.0	111.0	310.0	 2
0.161750240357	24.0	175.0	111.0	310.0	 1
0.164158581158	24.0	174.0	112.0	310.0	 2
0.174526119902	24.0	173.0	113.0	310.0	 2
0.174725872681	23.0	174.0	113.0	310.0	 1
0.178538953956	23.0	173.0	114.0	310.0	 2
0.17900803676	23.0	172.0	115.0	310.0	 2
0.183196716756	23.0	171.0	116.0	310.0	 2
0.184304344784	23.0	170.0	117.0	310.0	 2
0.184438419183	23.0	169.0	118.0	310.0	 2
0.191243856826	23.0	168.0	119.0	310.0	 2
0.191849084159	23.0	167.0	120.0	310.0	 2
0.194832532452	22.0	168.0	120.0	310.0	 1
0.204419510078	22.0	167.0	121.0	310.0	 2
0.209655379445	21.0	168.0	121.0	310.0	 1
0.209765540023	21.0	167.0	122.0	310.0	 2
0.212993309179	21.0	166.0	123.0	310.0	 2
0.217096018996	21.0	165.0	124.0	310.0	 2
0.219482358283	21.0	164.0	125.0	310.0	 2
0.222857231444	21.0	163.0	126.0	310.0	 2
0.236226866377	21.0	162.0	127.0	310.0	 2
0.237395252212	21.0	161.0	128.0	310.0	 2
0.246349507312	21.0	160.0	129.0	310.0	 2
0.24766943326	20.0	161.0	129.0	310.0	 1
0.248333518663	19.0	162.0	129.0	310.0	 1
0.261077707224	18.0	163.0	129.0	310.0	 1
0.269134475	18.0	162.0	130.0	310.0	 2
0.277646323725	18.0	161.0	131.0	310.0	 2
0.278087249142	18.0	160.0	132.0	310.0	 2
0.290857247924	18.0	159.0	133.0	310.0	 2
0.291687590367	17.0	160.0	133.0	310.0	 1
0.292630369705	16.0	161.0	133.0	310.0	 1
0.292769604685	16.0	160.0	134.0	310.0	 2
0.293092808694	15.0	161.0	134.0	310.0	 1
0.294215201449	15.0	160.0	135.0	310.0	 2
0.297371190554	15.0	159.0	136.0	310.0	 2
0.307550695196	14.0	160.0	136.0	310.0	 1
0.309380857312	14.0	159.0	137.0	310.0	 2
0.313856916425	14.0	158.0	138.0	310.0	 2
0.317730991238	14.0	157.0	139.0	310.0	 2
0.322179901162	14.0	156.0	140.0	310.0	 2
0.331444660149	14.0	155.0	141.0	310.0	 2
0.338211514564	14.0	154.0	142.0	310.0	 2
0.339406811609	14.0	153.0	143.0	310.0	 2
0.341190075437	14.0	152.0	144.0	310.0	 2
0.341686631954	14.0	151.0	145.0	310.0	 2
0.34436590111	14.0	150.0	146.0	310.0	 2
0.348197532866	14.0	149.0	147.0	310.0	 2
0.351127131824	13.0	150.0	147.0	310.0	 1
0.362739799318	12.0	151.0	147.0	310.0	 1
0.389074364044	12.0	150.0	148.0	310.0	 2
0.400114044556	12.0	149.0	149.0	310.0	 2
0.407285465529	11.0	150.0	149.0	310.0	 1
0.408136377743	10.0	151.0	149.0	310.0	 1
0.419586760908	10.0	150.0	150.0	310.0	 2
0.432434853026	9.0	151.0	150.0	310.0	 1
0.438513226814	9.0	150.0	151.0	310.0	 2
0.447006493051	9.0	149.0	152.0	310.0	 2
0.453900417189	8.0	150.0	152.0	310.0	 1
0.454545454545	8.0	150.0	152.0	310.0	 0
