# reactions: 2
Time	S	I	R	N	Fired Reaction
0.0	46.0	181.0	83.0	310.0	 0
0.00019882611572	45.0	182.0	83.0	310.0	 1
0.00117171812099	45.0	181.0	84.0	310.0	 2
0.00142942536767	44.0	182.0	84.0	310.0	 1
0.00695299183308	43.0	183.0	84.0	310.0	 1
0.00702333693671	43.0	182.0	85.0	310.0	 2
0.00752366591497	43.0	181.0	86.0	310.0	 2
0.00921922224213	43.0	180.0	87.0	310.0	 2
0.0105619726726	42.0	181.0	87.0	310.0	 1
0.0113108499906	41.0	182.0	87.0	310.0	 1
0.0159402998221	40.0	183.0	87.0	310.0	 1
0.0173532929735	39.0	184.0	87.0	310.0	 1
0.0264316124298	38.0	185.0	87.0	310.0	 1
0.0271765573186	38.0	184.0	88.0	310.0	 2
0.0382060073093	38.0	183.0	89.0	310.0	 2
0.042822898697	38.0	182.0	90.0	310.0	 2
0.0471725028242	37.0	183.0	90.0	310.0	 1
0.0509899144396	37.0	182.0	91.0	310.0	 2
0.0518545704982	37.0	181.0	92.0	310.0	 2
0.0544313814093	37.0	180.0	93.0	310.0	 2
0.0546872013706	36.0	181.0	93.0	310.0	 1
0.0579383135414	36.0	180.0	94.0	310.0	 2
0.0594929837078	36.0	179.0	95.0	310.0	 2
0.0621517746753	36.0	178.0	96.0	310.0	 2
0.0627787446201	36.0	177.0	97.0	310.0	 2
0.0643622950407	36.0	176.0	98.0	310.0	 2
0.0665472758159	35.0	177.0	98.0	310.0	 1
0.0722669802123	34.0	178.0	98.0	310.0	 1
0.074587653884	34.0	177.0	99.0	310.0	 2
0.0762213450877	33.0	178.0	99.0	310.0	 1
0.076579997046	33.0	177.0	100.0	310.0	 2
0.0803846968618	33.0	176.0	101.0	310.0	 2
0.0806793853742	32.0	177.0	101.0	310.0	 1
0.0832503846417	31.0	178.0	101.0	310.0	 1
0.0839229642051	30.0	179.0	101.0	310.0	 1
0.0888593685181	30.0	178.0	102.0	310.0	 2
0.0946052238293	29.0	179.0	102.0	310.0	 1
0.104481210849	28.0	180.0	102.0	310.0	 1
0.105198884564	27.0	181.0	102.0	310.0	 1
0.111264896096	27.0	180.0	103.0	310.0	 2
0.112539786555	27.0	179.0	104.0	310.0	 2
0.113813790033	27.0	178.0	105.0	310.0	 2
0.11850312403	27.0	177.0	106.0	310.0	 2
0.121724855724	27.0	176.0	107.0	310.0	 2
0.124118574424	27.0	175.0	108.0	310.0	 2
0.126780926489	27.0	174.0	109.0	310.0	 2
0.137464140978	26.0	175.0	109.0	310.0	 1
0.138318842024	26.0	174.0	110.0	310.0	 2
0.139545987257	25.0	175.0	110.0	310.0	 1
0.141110043274	25.0	174.0	111.0	310.0	 2
0.142603954216	24.0	175.0	111.0	310.0	 1
0.145521937586	24.0	174.0	112.0	310.0	 2
0.149027028824	24.0	173.0	113.0	310.0	 2
0.149830834692	24.0	172.0	114.0	310.0	 2
0.150347963078	24.0	171.0	115.0	310.0	 2
0.150639951476	24.0	170.0	116.0	310.0	 2
0.155014043053	24.0	169.0	117.0	310.0	 2
0.158416249583	24.0	168.0	118.0	310.0	 2
0.159703203977	24.0	167.0	119.0	310.0	 2
0.164995246928	24.0	166.0	120.0	310.0	 2
0.167024263063	23.0	167.0	120.0	310.0	 1
0.167866841732	23.0	166.0	121.0	310.0	 2
0.171256482228	23.0	165.0	122.0	310.0	 2
0.172071733786	22.0	166.0	122.0	310.0	 1
0.172860264992	22.0	165.0	123.0	310.0	 2
0.18119964255	22.0	164.0	124.0	310.0	 2
0.185102150689	21.0	165.0	124.0	310.0	 1
0.187014048936	20.0	166.0	124.0	310.0	 1
0.187073650994	20.0	165.0	125.0	310.0	 2
0.199225341271	19.0	166.0	125.0	310.0	 1
0.199958079191	18.0	167.0	125.0	310.0	 1
0.201414965289	18.0	166.0	126.0	310.0	 2
0.202343412819	17.0	167.0	126.0	310.0	 1
0.216039809502	17.0	166.0	127.0	310.0	 2
0.219491358485	17.0	165.0	128.0	310.0	 2
0.219931685489	17.0	164.0	129.0	310.0	 2
0.222424582461	17.0	163.0	130.0	310.0	 2
0.236832308391	17.0	162.0	131.0	310.0	 2
0.238500423375	17.0	161.0	132.0	310.0	 2
0.240932456522	16.0	162.0	132.0	310.0	 1
0.24280491696	16.0	161.0	133.0	310.0	 2
0.244409051701	15.0	162.0	133.0	310.0	 1
0.246652626928	14.0	163.0	133.0	310.0	 1
0.261701299977	14.0	162.0	134.0	310.0	 2
0.264129783903	14.0	161.0	135.0	310.0	 2
0.26515450531	14.0	160.0	136.0	310.0	 2
0.265799307156	14.0	159.0	137.0	310.0	 2
0.265998104162	14.0	158.0	138.0	310.0	 2
0.271229535609	14.0	157.0	139.0	310.0	 2
0.277327878068	14.0	156.0	140.0	310.0	 2
0.278608589955	14.0	155.0	141.0	310.0	 2
0.282498845976	13.0	156.0	141.0	310.0	 1
0.28364556711	12.0	157.0	141.0	310.0	 1
0.28702604374	12.0	156.0	142.0	310.0	 2
0.300116535594	12.0	155.0	143.0	310.0	 2
0.307133824733	12.0	154.0	144.0	310.0	 2
0.328533222361	11.0	155.0	144.0	310.0	 1
0.33344694662	10.0	156.0	144.0	310.0	 1
0.333627892492	10.0	155.0	145.0	310.0	 2
0.343987097101	9.0	156.0	145.0	310.0	 1
0.344853532076	9.0	155.0	146.0	310.0	 2
0.347938774392	8.0	156.0	146.0	310.0	 1
0.364213183022	8.0	155.0	147.0	310.0	 2
0.379909372151	8.0	154.0	148.0	310.0	 2
0.382611717543	8.0	153.0	149.0	310.0	 2
0.402112526288	8.0	152.0	150.0	310.0	 2
0.402272377492	8.0	151.0	151.0	310.0	 2
0.406228181736	8.0	150.0	152.0	310.0	 2
0.406277114568	8.0	149.0	153.0	310.0	 2
0.419707345994	8.0	148.0	154.0	310.0	 2
0.420978767933	8.0	147.0	155.0	310.0	 2
0.422177101658	7.0	148.0	155.0	310.0	 1
0.422889168279	7.0	147.0	156.0	310.0	 2
0.440580058533	7.0	146.0	157.0	310.0	 2
0.448107625643	7.0	145.0	158.0	310.0	 2
0.451198846962	7.0	144.0	159.0	310.0	 2
0.45357034069	6.0	145.0	159.0	310.0	 1
0.454545454545	6.0	145.0	159.0	310.0	 0
