# reactions: 2
Time	S	I	R	N	Fired Reaction
0.0	46.0	181.0	83.0	310.0	 0
0.00530145669129	45.0	182.0	83.0	310.0	 1
0.00908134063454	45.0	181.0	84.0	310.0	 2
0.0101491991963	44.0	182.0	84.0	310.0	 1
0.0159270329015	43.0	183.0	84.0	310.0	 1
0.0259131577304	42.0	184.0	84.0	310.0	 1
0.0291185495993	42.0	183.0	85.0	310.0	 2
0.0303135754442	41.0	184.0	85.0	310.0	 1
0.0305638531778	40.0	185.0	85.0	310.0	 1
0.0321176591873	39.0	186.0	85.0	310.0	 1
0.0345732263307	38.0	187.0	85.0	310.0	 1
0.0354848581316	37.0	188.0	85.0	310.0	 1
0.0391598621659	37.0	187.0	86.0	310.0	 2
0.0449792933143	37.0	186.0	87.0	310.0	 2
0.0474034062698	37.0	185.0	88.0	310.0	 2
0.0496110585552	37.0	184.0	89.0	310.0	 2
0.0500552028622	36.0	185.0	89.0	310.0	 1
0.0523313496664	35.0	186.0	89.0	310.0	 1
0.0560741321356	34.0	187.0	89.0	310.0	 1
0.0604806239306	34.0	186.0	90.0	310.0	 2
0.0610770751822	33.0	187.0	90.0	310.0	 1
0.0611401289267	33.0	186.0	91.0	310.0	 2
0.0619117396243	33.0	185.0	92.0	310.0	 2
0.0640837083244	33.0	184.0	93.0	310.0	 2
0.0684231702503	33.0	183.0	94.0	310.0	 2
0.0716789988624	32.0	184.0	94.0	310.0	 1
0.0737978133794	32.0	183.0	95.0	310.0	 2
0.0740766056009	32.0	182.0	96.0	310.0	 2
0.0780887887844	31.0	183.0	96.0	310.0	 1
0.0786918817228	31.0	182.0	97.0	310.0	 2
0.0933730358851	30.0	183.0	97.0	310.0	 1
0.0956961704061	30.0	182.0	98.0	310.0	 2
0.0988284366674	30.0	181.0	99.0	310.0	 2
0.102395456746	30.0	180.0	100.0	310.0	 2
0.103680134692	29.0	181.0	100.0	310.0	 1
0.104001645854	28.0	182.0	100.0	310.0	 1
0.105247198026	27.0	183.0	100.0	310.0	 1
0.107884212502	26.0	184.0	100.0	310.0	 1
0.11216251498	25.0	185.0	100.0	310.0	 1
0.113165477552	24.0	186.0	100.0	310.0	 1
0.113688173316	24.0	185.0	101.0	310.0	 2
0.11464548708	24.0	184.0	102.0	310.0	 2
0.117738908379	23.0	185.0	102.0	310.0	 1
0.130486954304	22.0	186.0	102.0	310.0	 1
0.130784131746	21.0	187.0	102.0	310.0	 1
0.132303153713	20.0	188.0	102.0	310.0	 1
0.134617989811	20.0	187.0	103.0	310.0	 2
0.136391449575	19.0	188.0	103.0	310.0	 1
0.137794028801	19.0	187.0	104.0	310.0	 2
0.139553293541	19.0	186.0	105.0	310.0	 2
0.139862797678	18.0	187.0	105.0	310.0	 1
0.141784785025	18.0	186.0	106.0	310.0	 2
0.14572855915	18.0	185.0	107.0	310.0	 2
0.150015165461	17.0	186.0	107.0	310.0	 1
0.15346094748	16.0	187.0	107.0	310.0	 1
0.153710817102	16.0	186.0	108.0	310.0	 2
0.157075326557	16.0	185.0	109.0	310.0	 2
0.161555673622	16.0	184.0	110.0	310.0	 2
0.162284020385	15.0	185.0	110.0	310.0	 1
0.162716512982	15.0	184.0	111.0	310.0	 2
0.164709768217	15.0	183.0	112.0	310.0	 2
0.169716464183	15.0	182.0	113.0	310.0	 2
0.174694251023	15.0	181.0	114.0	310.0	 2
0.178159015304	15.0	180.0	115.0	310.0	 2
0.179718381281	15.0	179.0	116.0	310.0	 2
0.187712101575	15.0	178.0	117.0	310.0	 2
0.202436623853	14.0	179.0	117.0	310.0	 1
0.206212271973	14.0	178.0	118.0	310.0	 2
0.212216931044	14.0	177.0	119.0	310.0	 2
0.213473066903	14.0	176.0	120.0	310.0	 2
0.213559324385	14.0	175.0	121.0	310.0	 2
0.218030193335	13.0	176.0	121.0	310.0	 1
0.228589160796	13.0	175.0	122.0	310.0	 2
0.23793828552	13.0	174.0	123.0	310.0	 2
0.242076992074	13.0	173.0	124.0	310.0	 2
0.246129472351	13.0	172.0	125.0	310.0	 2
0.255347523239	13.0	171.0	126.0	310.0	 2
0.256625279952	12.0	172.0	126.0	310.0	 1
0.260114419735	12.0	171.0	127.0	310.0	 2
0.270818244008	12.0	170.0	128.0	310.0	 2
0.272096266209	11.0	171.0	128.0	310.0	 1
0.273886362386	11.0	170.0	129.0	310.0	 2
0.282021054844	11.0	169.0	130.0	310.0	 2
0.285108740276	11.0	168.0	131.0	310.0	 2
0.286654753823	10.0	169.0	131.0	310.0	 1
0.287868364058	10.0	168.0	132.0	310.0	 2
0.291386343434	10.0	167.0	133.0	310.0	 2
0.293995358939	10.0	166.0	134.0	310.0	 2
0.295616953024	10.0	165.0	135.0	310.0	 2
0.297002656004	10.0	164.0	136.0	310.0	 2
0.303105850351	9.0	165.0	136.0	310.0	 1
0.315313099102	9.0	164.0	137.0	310.0	 2
0.316911979725	9.0	163.0	138.0	310.0	 2
0.317224803016	9.0	162.0	139.0	310.0	 2
0.319785824937	9.0	161.0	140.0	310.0	 2
0.320724038051	9.0	160.0	141.0	310.0	 2
0.330259003978	9.0	159.0	142.0	310.0	 2
0.337589927743	9.0	158.0	143.0	310.0	 2
0.355213231515	9.0	157.0	144.0	310.0	 2
0.35528490281	9.0	156.0	145.0	310.0	 2
0.363078405912	9.0	155.0	146.0	310.0	 2
0.365330354594	9.0	154.0	147.0	310.0	 2
0.380434864502	9.0	153.0	148.0	310.0	 2
0.386727890273	9.0	152.0	149.0	310.0	 2
0.390220800256	8.0	153.0	149.0	310.0	 1
0.390766130697	8.0	152.0	150.0	310.0	 2
0.39405728211	8.0	151.0	151.0	310.0	 2
0.401015737715	8.0	150.0	152.0	310.0	 2
0.414894523765	8.0	149.0	153.0	310.0	 2
0.423570045452	8.0	148.0	154.0	310.0	 2
0.42553751133	8.0	147.0	155.0	310.0	 2
0.426164977922	8.0	146.0	156.0	310.0	 2
0.431344904881	8.0	145.0	157.0	310.0	 2
0.436834237431	8.0	144.0	158.0	310.0	 2
0.442950737465	7.0	145.0	158.0	310.0	 1
0.454545454545	7.0	145.0	158.0	310.0	 0
