# reactions: 2
Time	S	I	R	N	Fired Reaction
0.0	46.0	181.0	83.0	310.0	 0
0.00133656740915	45.0	182.0	83.0	310.0	 1
0.00179796797661	45.0	181.0	84.0	310.0	 2
0.0103245000014	45.0	180.0	85.0	310.0	 2
0.0120320488248	45.0	179.0	86.0	310.0	 2
0.0183688048765	44.0	180.0	86.0	310.0	 1
0.0191781730376	44.0	179.0	87.0	310.0	 2
0.0221291487373	43.0	180.0	87.0	310.0	 1
0.0239090159206	42.0	181.0	87.0	310.0	 1
0.0243060995542	41.0	182.0	87.0	310.0	 1
0.0249600151584	40.0	183.0	87.0	310.0	 1
0.0263947603956	40.0	182.0	88.0	310.0	 2
0.0265881518183	39.0	183.0	88.0	310.0	 1
0.0294681076349	39.0	182.0	89.0	310.0	 2
0.0296238307593	38.0	183.0	89.0	310.0	 1
0.0305090447844	38.0	182.0	90.0	310.0	 2
0.0324225659723	38.0	181.0	91.0	310.0	 2
0.0359608405479	37.0	182.0	91.0	310.0	 1
0.0380974153691	37.0	181.0	92.0	310.0	 2
0.040061750212	37.0	180.0	93.0	310.0	 2
0.0402114134613	37.0	179.0	94.0	310.0	 2
0.0556408511961	36.0	180.0	94.0	310.0	 1
0.0588339348531	35.0	181.0	94.0	310.0	 1
0.0606090269405	35.0	180.0	95.0	310.0	 2
0.0684308929404	35.0	179.0	96.0	310.0	 2
0.0736340033725	35.0	178.0	97.0	310.0	 2
0.074159352957	35.0	177.0	98.0	310.0	 2
0.0752403077845	34.0	178.0	98.0	310.0	 1
0.0774386788526	33.0	179.0	98.0	310.0	 1
0.0799143730262	32.0	180.0	98.0	310.0	 1
0.0815566938365	32.0	179.0	99.0	310.0	 2
0.0849774397664	32.0	178.0	100.0	310.0	 2
0.0906308777917	32.0	177.0	101.0	310.0	 2
0.0908179737228	31.0	178.0	101.0	310.0	 1
0.093689521013	31.0	177.0	102.0	310.0	 2
0.0948556234066	31.0	176.0	103.0	310.0	 2
0.0982840683354	30.0	177.0	103.0	310.0	 1
0.101019033098	29.0	178.0	103.0	310.0	 1
0.105388006105	29.0	177.0	104.0	310.0	 2
0.105742835147	28.0	178.0	104.0	310.0	 1
0.114558135703	28.0	177.0	105.0	310.0	 2
0.115828508084	28.0	176.0	106.0	310.0	 2
0.116997039609	28.0	175.0	107.0	310.0	 2
0.118162608445	27.0	176.0	107.0	310.0	 1
0.126563588381	27.0	175.0	108.0	310.0	 2
0.129204632113	26.0	176.0	108.0	310.0	 1
0.129602026819	25.0	177.0	108.0	310.0	 1
0.134808768573	24.0	178.0	108.0	310.0	 1
0.138376250543	24.0	177.0	109.0	310.0	 2
0.140521423393	23.0	178.0	109.0	310.0	 1
0.147394272837	23.0	177.0	110.0	310.0	 2
0.150895769404	23.0	176.0	111.0	310.0	 2
0.151612824188	23.0	175.0	112.0	310.0	 2
0.154553515962	23.0	174.0	113.0	310.0	 2
0.155985316364	23.0	173.0	114.0	310.0	 2
0.156911215091	23.0	172.0	115.0	310.0	 2
0.159446236216	23.0	171.0	116.0	310.0	 2
0.1611057863	23.0	170.0	117.0	310.0	 2
0.166125955427	23.0	169.0	118.0	310.0	 2
0.167502493992	23.0	168.0	119.0	310.0	 2
0.169562102603	23.0	167.0	120.0	310.0	 2
0.173386179458	23.0	166.0	121.0	310.0	 2
0.176977031531	23.0	165.0	122.0	310.0	 2
0.178816559644	23.0	164.0	123.0	310.0	 2
0.186771262998	22.0	165.0	123.0	310.0	 1
0.187825756137	21.0	166.0	123.0	310.0	 1
0.192538456071	21.0	165.0	124.0	310.0	 2
0.192681050658	21.0	164.0	125.0	310.0	 2
0.194432047717	20.0	165.0	125.0	310.0	 1
0.201422265565	19.0	166.0	125.0	310.0	 1
0.202104664444	19.0	165.0	126.0	310.0	 2
0.204617838809	19.0	164.0	127.0	310.0	 2
0.215681957452	19.0	163.0	128.0	310.0	 2
0.21875798775	19.0	162.0	129.0	310.0	 2
0.221160570272	18.0	163.0	129.0	310.0	 1
0.225423122919	18.0	162.0	130.0	310.0	 2
0.225998914055	17.0	163.0	130.0	310.0	 1
0.232500285872	17.0	162.0	131.0	310.0	 2
0.237236140934	16.0	163.0	131.0	310.0	 1
0.242661023228	16.0	162.0	132.0	310.0	 2
0.249102692579	16.0	161.0	133.0	310.0	 2
0.24924988537	16.0	160.0	134.0	310.0	 2
0.257455933972	16.0	159.0	135.0	310.0	 2
0.25760602267	16.0	158.0	136.0	310.0	 2
0.258266817965	16.0	157.0	137.0	310.0	 2
0.258426920769	16.0	156.0	138.0	310.0	 2
0.261477942995	16.0	155.0	139.0	310.0	 2
0.262163750082	16.0	154.0	140.0	310.0	 2
0.268922988003	15.0	155.0	140.0	310.0	 1
0.269726132755	14.0	156.0	140.0	310.0	 1
0.273125758257	14.0	155.0	141.0	310.0	 2
0.278211180751	13.0	156.0	141.0	310.0	 1
0.286894015042	13.0	155.0	142.0	310.0	 2
0.293707255122	13.0	154.0	143.0	310.0	 2
0.302451359025	13.0	153.0	144.0	310.0	 2
0.303570577935	13.0	152.0	145.0	310.0	 2
0.303621426386	13.0	151.0	146.0	310.0	 2
0.304569241587	12.0	152.0	146.0	310.0	 1
0.30481679963	12.0	151.0	147.0	310.0	 2
0.306178305743	12.0	150.0	148.0	310.0	 2
0.310244132614	12.0	149.0	149.0	310.0	 2
0.33009665186	12.0	148.0	150.0	310.0	 2
0.334709294872	12.0	147.0	151.0	310.0	 2
0.33949690508	12.0	146.0	152.0	310.0	 2
0.342901750323	12.0	145.0	153.0	310.0	 2
0.348923754416	12.0	144.0	154.0	310.0	 2
0.370292393228	12.0	143.0	155.0	310.0	 2
0.373850758478	12.0	142.0	156.0	310.0	 2
0.375391890763	12.0	141.0	157.0	310.0	 2
0.382196358757	12.0	140.0	158.0	310.0	 2
0.385748004253	12.0	139.0	159.0	310.0	 2
0.395861502686	12.0	138.0	160.0	310.0	 2
0.405333573699	12.0	137.0	161.0	310.0	 2
0.409033877632	12.0	136.0	162.0	310.0	 2
0.41341970859	12.0	135.0	163.0	310.0	 2
0.417924385676	12.0	134.0	164.0	310.0	 2
0.425404243645	12.0	133.0	165.0	310.0	 2
0.428252078735	11.0	134.0	165.0	310.0	 1
0.432937085417	10.0	135.0	165.0	310.0	 1
0.433174295066	10.0	134.0	166.0	310.0	 2
0.434798996908	10.0	133.0	167.0	310.0	 2
0.439151116912	10.0	132.0	168.0	310.0	 2
0.440102428393	10.0	131.0	169.0	310.0	 2
0.44524234437	10.0	130.0	170.0	310.0	 2
0.446892445368	10.0	129.0	171.0	310.0	 2
0.448135336672	9.0	130.0	171.0	310.0	 1
0.454545454545	9.0	130.0	171.0	310.0	 0
