# reactions: 2
Time	S	I	R	N	Fired Reaction
0.0	46.0	181.0	83.0	310.0	 0
0.00254412766959	45.0	182.0	83.0	310.0	 1
0.0060637146887	45.0	181.0	84.0	310.0	 2
0.00666411268711	44.0	182.0	84.0	310.0	 1
0.0110192913974	43.0	183.0	84.0	310.0	 1
0.0165890402056	42.0	184.0	84.0	310.0	 1
0.0222901557538	42.0	183.0	85.0	310.0	 2
0.0246764783984	41.0	184.0	85.0	310.0	 1
0.0339179147135	41.0	183.0	86.0	310.0	 2
0.0354477430399	40.0	184.0	86.0	310.0	 1
0.0387850881241	40.0	183.0	87.0	310.0	 2
0.0420363297754	39.0	184.0	87.0	310.0	 1
0.0473304442615	39.0	183.0	88.0	310.0	 2
0.0500414804597	38.0	184.0	88.0	310.0	 1
0.0505162735555	37.0	185.0	88.0	310.0	 1
0.0548841651343	37.0	184.0	89.0	310.0	 2
0.0549138963795	37.0	183.0	90.0	310.0	 2
0.055964248621	37.0	182.0	91.0	310.0	 2
0.0562897099043	36.0	183.0	91.0	310.0	 1
0.0564161086612	36.0	182.0	92.0	310.0	 2
0.0606697742642	35.0	183.0	92.0	310.0	 1
0.0609102634249	35.0	182.0	93.0	310.0	 2
0.068106763494	34.0	183.0	93.0	310.0	 1
0.0728077449234	33.0	184.0	93.0	310.0	 1
0.0735889117412	32.0	185.0	93.0	310.0	 1
0.0815815208769	31.0	186.0	93.0	310.0	 1
0.0901765072842	30.0	187.0	93.0	310.0	 1
0.0918051138003	30.0	186.0	94.0	310.0	 2
0.0930605989288	30.0	185.0	95.0	310.0	 2
0.0967443521221	29.0	186.0	95.0	310.0	 1
0.0985968926242	29.0	185.0	96.0	310.0	 2
0.0986051871066	29.0	184.0	97.0	310.0	 2
0.103339944271	29.0	183.0	98.0	310.0	 2
0.105414479424	28.0	184.0	98.0	310.0	 1
0.111693889076	27.0	185.0	98.0	310.0	 1
0.11222005952	26.0	186.0	98.0	310.0	 1
0.117426358293	25.0	187.0	98.0	310.0	 1
0.126679545701	24.0	188.0	98.0	310.0	 1
0.139306590581	24.0	187.0	99.0	310.0	 2
0.142512104921	24.0	186.0	100.0	310.0	 2
0.143420894832	23.0	187.0	100.0	310.0	 1
0.145474099056	22.0	188.0	100.0	310.0	 1
0.146912949125	22.0	187.0	101.0	310.0	 2
0.14698069388	22.0	186.0	102.0	310.0	 2
0.156496934056	22.0	185.0	103.0	310.0	 2
0.156858523376	22.0	184.0	104.0	310.0	 2
0.158244146478	21.0	185.0	104.0	310.0	 1
0.160204935068	21.0	184.0	105.0	310.0	 2
0.163581093182	21.0	183.0	106.0	310.0	 2
0.166779112431	21.0	182.0	107.0	310.0	 2
0.16710932032	20.0	183.0	107.0	310.0	 1
0.168323648615	19.0	184.0	107.0	310.0	 1
0.183105368521	19.0	183.0	108.0	310.0	 2
0.189864725976	19.0	182.0	109.0	310.0	 2
0.189930819497	19.0	181.0	110.0	310.0	 2
0.195568736362	19.0	180.0	111.0	310.0	 2
0.197209303789	19.0	179.0	112.0	310.0	 2
0.197392495976	19.0	178.0	113.0	310.0	 2
0.197485275374	19.0	177.0	114.0	310.0	 2
0.19866884587	18.0	178.0	114.0	310.0	 1
0.201755597905	18.0	177.0	115.0	310.0	 2
0.205340162118	17.0	178.0	115.0	310.0	 1
0.209487112871	17.0	177.0	116.0	310.0	 2
0.213064295364	17.0	176.0	117.0	310.0	 2
0.21970576257	17.0	175.0	118.0	310.0	 2
0.222748014289	16.0	176.0	118.0	310.0	 1
0.224557893746	15.0	177.0	118.0	310.0	 1
0.23029693793	14.0	178.0	118.0	310.0	 1
0.24085988954	14.0	177.0	119.0	310.0	 2
0.241296992271	13.0	178.0	119.0	310.0	 1
0.241661983666	13.0	177.0	120.0	310.0	 2
0.244901759682	13.0	176.0	121.0	310.0	 2
0.247622592269	13.0	175.0	122.0	310.0	 2
0.250448249002	13.0	174.0	123.0	310.0	 2
0.252077039931	13.0	173.0	124.0	310.0	 2
0.254474719232	12.0	174.0	124.0	310.0	 1
0.259557631668	12.0	173.0	125.0	310.0	 2
0.260523743255	12.0	172.0	126.0	310.0	 2
0.261024327932	12.0	171.0	127.0	310.0	 2
0.263156326455	12.0	170.0	128.0	310.0	 2
0.266791090311	12.0	169.0	129.0	310.0	 2
0.269568960671	12.0	168.0	130.0	310.0	 2
0.28981763105	12.0	167.0	131.0	310.0	 2
0.293814134663	12.0	166.0	132.0	310.0	 2
0.297580509491	12.0	165.0	133.0	310.0	 2
0.300628032207	12.0	164.0	134.0	310.0	 2
0.301811188588	12.0	163.0	135.0	310.0	 2
0.304587662211	12.0	162.0	136.0	310.0	 2
0.314683121723	12.0	161.0	137.0	310.0	 2
0.320072758862	11.0	162.0	137.0	310.0	 1
0.323703411742	11.0	161.0	138.0	310.0	 2
0.331190583464	11.0	160.0	139.0	310.0	 2
0.341195723515	11.0	159.0	140.0	310.0	 2
0.341863116178	11.0	158.0	141.0	310.0	 2
0.342005268273	11.0	157.0	142.0	310.0	 2
0.345379793281	11.0	156.0	143.0	310.0	 2
0.345578947573	11.0	155.0	144.0	310.0	 2
0.348370751794	11.0	154.0	145.0	310.0	 2
0.367896495845	11.0	153.0	146.0	310.0	 2
0.368836126489	11.0	152.0	147.0	310.0	 2
0.369202385839	11.0	151.0	148.0	310.0	 2
0.372274549529	11.0	150.0	149.0	310.0	 2
0.372878568061	10.0	151.0	149.0	310.0	 1
0.374440121054	10.0	150.0	150.0	310.0	 2
0.387674289934	10.0	149.0	151.0	310.0	 2
0.389642526103	10.0	148.0	152.0	310.0	 2
0.390339118923	9.0	149.0	152.0	310.0	 1
0.392544915795	9.0	148.0	153.0	310.0	 2
0.401396565319	9.0	147.0	154.0	310.0	 2
0.409182973419	9.0	146.0	155.0	310.0	 2
0.41695334989	9.0	145.0	156.0	310.0	 2
0.420332775471	8.0	146.0	156.0	310.0	 1
0.431301342109	8.0	145.0	157.0	310.0	 2
0.433187119578	8.0	144.0	158.0	310.0	 2
0.446316811101	7.0	145.0	158.0	310.0	 1
0.450288705636	7.0	144.0	159.0	310.0	 2
0.451141158242	7.0	143.0	160.0	310.0	 2
0.453918945786	7.0	142.0	161.0	310.0	 2
0.454545454545	7.0	142.0	161.0	310.0	 0
