# reactions: 2
Time	S	I	R	N	Fired Reaction
0.0	46.0	181.0	83.0	310.0	 0
0.00724042788747	45.0	182.0	83.0	310.0	 1
0.0132967640876	44.0	183.0	83.0	310.0	 1
0.0158372124094	44.0	182.0	84.0	310.0	 2
0.0172529247048	43.0	183.0	84.0	310.0	 1
0.0184579641563	42.0	184.0	84.0	310.0	 1
0.0219231582536	41.0	185.0	84.0	310.0	 1
0.0219975116524	40.0	186.0	84.0	310.0	 1
0.0238909689941	39.0	187.0	84.0	310.0	 1
0.0265069377458	38.0	188.0	84.0	310.0	 1
0.0319203977999	37.0	189.0	84.0	310.0	 1
0.0376504955652	37.0	188.0	85.0	310.0	 2
0.0392532884221	37.0	187.0	86.0	310.0	 2
0.0395670016659	36.0	188.0	86.0	310.0	 1
0.0405422640648	35.0	189.0	86.0	310.0	 1
0.0405466851171	34.0	190.0	86.0	310.0	 1
0.0453981296644	33.0	191.0	86.0	310.0	 1
0.0463687573064	33.0	190.0	87.0	310.0	 2
0.0505954504665	33.0	189.0	88.0	310.0	 2
0.0510829073675	32.0	190.0	88.0	310.0	 1
0.0560912148214	32.0	189.0	89.0	310.0	 2
0.0576109306691	31.0	190.0	89.0	310.0	 1
0.0580087673256	30.0	191.0	89.0	310.0	 1
0.0637385735437	30.0	190.0	90.0	310.0	 2
0.0658337581523	30.0	189.0	91.0	310.0	 2
0.0658468986568	30.0	188.0	92.0	310.0	 2
0.070439057315	29.0	189.0	92.0	310.0	 1
0.0749804197276	29.0	188.0	93.0	310.0	 2
0.078186206678	28.0	189.0	93.0	310.0	 1
0.0815600244965	28.0	188.0	94.0	310.0	 2
0.0841337739032	28.0	187.0	95.0	310.0	 2
0.0885103893494	28.0	186.0	96.0	310.0	 2
0.0929808265078	28.0	185.0	97.0	310.0	 2
0.0959930818896	28.0	184.0	98.0	310.0	 2
0.100139890181	27.0	185.0	98.0	310.0	 1
0.103135864849	27.0	184.0	99.0	310.0	 2
0.103275124671	26.0	185.0	99.0	310.0	 1
0.10515155174	26.0	184.0	100.0	310.0	 2
0.109234803206	26.0	183.0	101.0	310.0	 2
0.113584496296	25.0	184.0	101.0	310.0	 1
0.120967076282	24.0	185.0	101.0	310.0	 1
0.121944436007	24.0	184.0	102.0	310.0	 2
0.139958005106	23.0	185.0	102.0	310.0	 1
0.141504362317	22.0	186.0	102.0	310.0	 1
0.142632153297	22.0	185.0	103.0	310.0	 2
0.144238532001	21.0	186.0	103.0	310.0	 1
0.144300104753	21.0	185.0	104.0	310.0	 2
0.144531661497	21.0	184.0	105.0	310.0	 2
0.145554389235	21.0	183.0	106.0	310.0	 2
0.147794016701	21.0	182.0	107.0	310.0	 2
0.151954019898	21.0	181.0	108.0	310.0	 2
0.157565215365	20.0	182.0	108.0	310.0	 1
0.159564250611	20.0	181.0	109.0	310.0	 2
0.162454887348	20.0	180.0	110.0	310.0	 2
0.165326037255	20.0	179.0	111.0	310.0	 2
0.166414206841	19.0	180.0	111.0	310.0	 1
0.166415146883	19.0	179.0	112.0	310.0	 2
0.175467092713	19.0	178.0	113.0	310.0	 2
0.185105637089	19.0	177.0	114.0	310.0	 2
0.198250266469	19.0	176.0	115.0	310.0	 2
0.198320970838	19.0	175.0	116.0	310.0	 2
0.205147595322	18.0	176.0	116.0	310.0	 1
0.211154565073	18.0	175.0	117.0	310.0	 2
0.217907571677	18.0	174.0	118.0	310.0	 2
0.218296199814	17.0	175.0	118.0	310.0	 1
0.22378012197	16.0	176.0	118.0	310.0	 1
0.227011986612	16.0	175.0	119.0	310.0	 2
0.229909978993	15.0	176.0	119.0	310.0	 1
0.24681916192	14.0	177.0	119.0	310.0	 1
0.25111949361	14.0	176.0	120.0	310.0	 2
0.255267228189	14.0	175.0	121.0	310.0	 2
0.257127587407	14.0	174.0	122.0	310.0	 2
0.264336941271	13.0	175.0	122.0	310.0	 1
0.265948543291	13.0	174.0	123.0	310.0	 2
0.267959818522	13.0	173.0	124.0	310.0	 2
0.269917974978	12.0	174.0	124.0	310.0	 1
0.271796968116	12.0	173.0	125.0	310.0	 2
0.273720937695	12.0	172.0	126.0	310.0	 2
0.279226585759	12.0	171.0	127.0	310.0	 2
0.283689017728	12.0	170.0	128.0	310.0	 2
0.288101940223	12.0	169.0	129.0	310.0	 2
0.289766354735	12.0	168.0	130.0	310.0	 2
0.299525977154	11.0	169.0	130.0	310.0	 1
0.306404278097	11.0	168.0	131.0	310.0	 2
0.307319997127	11.0	167.0	132.0	310.0	 2
0.308744898211	11.0	166.0	133.0	310.0	 2
0.312433226096	11.0	165.0	134.0	310.0	 2
0.313923014617	11.0	164.0	135.0	310.0	 2
0.316529409368	11.0	163.0	136.0	310.0	 2
0.317174160836	11.0	162.0	137.0	310.0	 2
0.325825036589	11.0	161.0	138.0	310.0	 2
0.348476104319	11.0	160.0	139.0	310.0	 2
0.365310081933	11.0	159.0	140.0	310.0	 2
0.374112949943	11.0	158.0	141.0	310.0	 2
0.37920625071	11.0	157.0	142.0	310.0	 2
0.385677402282	11.0	156.0	143.0	310.0	 2
0.392125321085	11.0	155.0	144.0	310.0	 2
0.407229044807	10.0	156.0	144.0	310.0	 1
0.41157106921	9.0	157.0	144.0	310.0	 1
0.417398092216	9.0	156.0	145.0	310.0	 2
0.418847748398	9.0	155.0	146.0	310.0	 2
0.425084775874	9.0	154.0	147.0	310.0	 2
0.435496544427	9.0	153.0	148.0	310.0	 2
0.44762699469	9.0	152.0	149.0	310.0	 2
0.452001186031	9.0	151.0	150.0	310.0	 2
0.454545454545	9.0	151.0	150.0	310.0	 0
