# reactions: 2
Time	S	I	R	N	Fired Reaction
0.0	46.0	181.0	83.0	310.0	 0
0.00114140690103	45.0	182.0	83.0	310.0	 1
0.00245451013119	45.0	181.0	84.0	310.0	 2
0.00512800563918	44.0	182.0	84.0	310.0	 1
0.00610870296128	43.0	183.0	84.0	310.0	 1
0.00632581353524	42.0	184.0	84.0	310.0	 1
0.00694315210022	41.0	185.0	84.0	310.0	 1
0.0106672931545	40.0	186.0	84.0	310.0	 1
0.0109397412379	40.0	185.0	85.0	310.0	 2
0.0124401384632	40.0	184.0	86.0	310.0	 2
0.0165908605835	39.0	185.0	86.0	310.0	 1
0.0171744550157	38.0	186.0	86.0	310.0	 1
0.0181374011155	37.0	187.0	86.0	310.0	 1
0.0191352967841	37.0	186.0	87.0	310.0	 2
0.0213892711585	36.0	187.0	87.0	310.0	 1
0.0224731764106	35.0	188.0	87.0	310.0	 1
0.0234570818587	34.0	189.0	87.0	310.0	 1
0.0329887263488	33.0	190.0	87.0	310.0	 1
0.0347461604482	33.0	189.0	88.0	310.0	 2
0.0351241276209	32.0	190.0	88.0	310.0	 1
0.0408678705479	32.0	189.0	89.0	310.0	 2
0.0420794081861	32.0	188.0	90.0	310.0	 2
0.0499786565468	31.0	189.0	90.0	310.0	 1
0.0529296475382	30.0	190.0	90.0	310.0	 1
0.0592379530911	30.0	189.0	91.0	310.0	 2
0.0621415810422	30.0	188.0	92.0	310.0	 2
0.0631848975312	30.0	187.0	93.0	310.0	 2
0.0694631192845	29.0	188.0	93.0	310.0	 1
0.0704384007643	29.0	187.0	94.0	310.0	 2
0.0708032180752	29.0	186.0	95.0	310.0	 2
0.0710823197722	28.0	187.0	95.0	310.0	 1
0.0741806778236	27.0	188.0	95.0	310.0	 1
0.0793100977785	26.0	189.0	95.0	310.0	 1
0.0815226660284	26.0	188.0	96.0	310.0	 2
0.0818868027411	25.0	189.0	96.0	310.0	 1
0.0833719940834	25.0	188.0	97.0	310.0	 2
0.0861961751908	24.0	189.0	97.0	310.0	 1
0.0886892664625	24.0	188.0	98.0	310.0	 2
0.0895214522596	23.0	189.0	98.0	310.0	 1
0.0958502672857	23.0	188.0	99.0	310.0	 2
0.0971184594225	22.0	189.0	99.0	310.0	 1
0.100284254777	21.0	190.0	99.0	310.0	 1
0.10288779123	20.0	191.0	99.0	310.0	 1
0.103991355454	20.0	190.0	100.0	310.0	 2
0.117882176791	20.0	189.0	101.0	310.0	 2
0.119795826638	19.0	190.0	101.0	310.0	 1
0.121231545681	19.0	189.0	102.0	310.0	 2
0.126861212781	19.0	188.0	103.0	310.0	 2
0.132728629375	19.0	187.0	104.0	310.0	 2
0.134784532553	19.0	186.0	105.0	310.0	 2
0.137834463081	19.0	185.0	106.0	310.0	 2
0.138079028819	19.0	184.0	107.0	310.0	 2
0.141029583857	19.0	183.0	108.0	310.0	 2
0.146964951236	19.0	182.0	109.0	310.0	 2
0.149088333276	18.0	183.0	109.0	310.0	 1
0.150108056695	17.0	184.0	109.0	310.0	 1
0.15392505678	16.0	185.0	109.0	310.0	 1
0.154495056988	15.0	186.0	109.0	310.0	 1
0.156310640993	15.0	185.0	110.0	310.0	 2
0.156719344415	15.0	184.0	111.0	310.0	 2
0.157190568474	15.0	183.0	112.0	310.0	 2
0.157282056865	14.0	184.0	112.0	310.0	 1
0.159193680621	14.0	183.0	113.0	310.0	 2
0.175546265528	14.0	182.0	114.0	310.0	 2
0.175694398637	14.0	181.0	115.0	310.0	 2
0.177835494081	13.0	182.0	115.0	310.0	 1
0.184269028839	12.0	183.0	115.0	310.0	 1
0.19067736899	12.0	182.0	116.0	310.0	 2
0.195305446269	12.0	181.0	117.0	310.0	 2
0.198410866835	11.0	182.0	117.0	310.0	 1
0.219586525478	11.0	181.0	118.0	310.0	 2
0.220955347986	11.0	180.0	119.0	310.0	 2
0.227381633951	11.0	179.0	120.0	310.0	 2
0.23459158042	11.0	178.0	121.0	310.0	 2
0.241710574829	11.0	177.0	122.0	310.0	 2
0.242469024833	11.0	176.0	123.0	310.0	 2
0.250282218242	11.0	175.0	124.0	310.0	 2
0.257869705927	11.0	174.0	125.0	310.0	 2
0.259273403299	11.0	173.0	126.0	310.0	 2
0.263949487879	11.0	172.0	127.0	310.0	 2
0.269801369082	10.0	173.0	127.0	310.0	 1
0.273206645699	10.0	172.0	128.0	310.0	 2
0.273761989993	10.0	171.0	129.0	310.0	 2
0.287036442113	10.0	170.0	130.0	310.0	 2
0.298295666924	10.0	169.0	131.0	310.0	 2
0.298796754792	10.0	168.0	132.0	310.0	 2
0.307386906839	10.0	167.0	133.0	310.0	 2
0.309244903495	9.0	168.0	133.0	310.0	 1
0.310397320465	9.0	167.0	134.0	310.0	 2
0.312819508538	9.0	166.0	135.0	310.0	 2
0.318640204052	8.0	167.0	135.0	310.0	 1
0.32006484788	8.0	166.0	136.0	310.0	 2
0.323413091502	8.0	165.0	137.0	310.0	 2
0.324043487396	8.0	164.0	138.0	310.0	 2
0.3288837481	8.0	163.0	139.0	310.0	 2
0.330418523342	8.0	162.0	140.0	310.0	 2
0.34325528063	8.0	161.0	141.0	310.0	 2
0.359827476238	8.0	160.0	142.0	310.0	 2
0.365240808926	8.0	159.0	143.0	310.0	 2
0.373730005801	8.0	158.0	144.0	310.0	 2
0.379283231596	8.0	157.0	145.0	310.0	 2
0.391042778509	7.0	158.0	145.0	310.0	 1
0.392327693626	6.0	159.0	145.0	310.0	 1
0.394502069684	6.0	158.0	146.0	310.0	 2
0.399738768148	6.0	157.0	147.0	310.0	 2
0.401519206221	6.0	156.0	148.0	310.0	 2
0.403446786631	6.0	155.0	149.0	310.0	 2
0.410352845921	6.0	154.0	150.0	310.0	 2
0.415148716378	6.0	153.0	151.0	310.0	 2
0.419543671674	6.0	152.0	152.0	310.0	 2
0.429163984707	6.0	151.0	153.0	310.0	 2
0.430827791301	6.0	150.0	154.0	310.0	 2
0.433586044641	6.0	149.0	155.0	310.0	 2
0.43373493845	5.0	150.0	155.0	310.0	 1
0.433975394304	5.0	149.0	156.0	310.0	 2
0.453699082325	5.0	148.0	157.0	310.0	 2
0.454545454545	5.0	148.0	157.0	310.0	 0
