# reactions: 2
Time	S	I	R	N	Fired Reaction
0.0	46.0	181.0	83.0	310.0	 0
0.00489027941784	45.0	182.0	83.0	310.0	 1
0.00857669209117	45.0	181.0	84.0	310.0	 2
0.00928639633083	44.0	182.0	84.0	310.0	 1
0.0107819645515	43.0	183.0	84.0	310.0	 1
0.011338311675	42.0	184.0	84.0	310.0	 1
0.0127809887995	41.0	185.0	84.0	310.0	 1
0.0161467396547	40.0	186.0	84.0	310.0	 1
0.017545585795	40.0	185.0	85.0	310.0	 2
0.0219705233795	40.0	184.0	86.0	310.0	 2
0.023386569364	40.0	183.0	87.0	310.0	 2
0.0239056751782	40.0	182.0	88.0	310.0	 2
0.0250144207139	40.0	181.0	89.0	310.0	 2
0.0276435452898	40.0	180.0	90.0	310.0	 2
0.0276932980317	40.0	179.0	91.0	310.0	 2
0.0289775672881	39.0	180.0	91.0	310.0	 1
0.0302248092193	39.0	179.0	92.0	310.0	 2
0.0358085203082	38.0	180.0	92.0	310.0	 1
0.0365738328418	38.0	179.0	93.0	310.0	 2
0.0418972991948	38.0	178.0	94.0	310.0	 2
0.0443765465035	37.0	179.0	94.0	310.0	 1
0.0486706202932	36.0	180.0	94.0	310.0	 1
0.049320905267	36.0	179.0	95.0	310.0	 2
0.050356073072	35.0	180.0	95.0	310.0	 1
0.0535254485903	34.0	181.0	95.0	310.0	 1
0.0551832788793	34.0	180.0	96.0	310.0	 2
0.0582509451911	33.0	181.0	96.0	310.0	 1
0.0620078345235	32.0	182.0	96.0	310.0	 1
0.0645992843281	32.0	181.0	97.0	310.0	 2
0.0718789441042	32.0	180.0	98.0	310.0	 2
0.0718922651204	31.0	181.0	98.0	310.0	 1
0.0746619599012	30.0	182.0	98.0	310.0	 1
0.0766412876996	30.0	181.0	99.0	310.0	 2
0.0816374970948	30.0	180.0	100.0	310.0	 2
0.084632078668	30.0	179.0	101.0	310.0	 2
0.0904722837675	30.0	178.0	102.0	310.0	 2
0.0980941182334	30.0	177.0	103.0	310.0	 2
0.0999729453594	30.0	176.0	104.0	310.0	 2
0.10008148977	30.0	175.0	105.0	310.0	 2
0.102150306744	29.0	176.0	105.0	310.0	 1
0.104288299289	28.0	177.0	105.0	310.0	 1
0.106507183647	28.0	176.0	106.0	310.0	 2
0.107246482379	28.0	175.0	107.0	310.0	 2
0.108616583253	27.0	176.0	107.0	310.0	 1
0.110060380547	26.0	177.0	107.0	310.0	 1
0.114009704209	25.0	178.0	107.0	310.0	 1
0.114338729575	25.0	177.0	108.0	310.0	 2
0.115765736869	24.0	178.0	108.0	310.0	 1
0.119449430842	23.0	179.0	108.0	310.0	 1
0.120650233097	22.0	180.0	108.0	310.0	 1
0.128934435999	22.0	179.0	109.0	310.0	 2
0.12947881076	21.0	180.0	109.0	310.0	 1
0.131161521457	20.0	181.0	109.0	310.0	 1
0.135542461014	20.0	180.0	110.0	310.0	 2
0.139612214868	19.0	181.0	110.0	310.0	 1
0.140324414437	19.0	180.0	111.0	310.0	 2
0.143616619971	18.0	181.0	111.0	310.0	 1
0.143981277954	18.0	180.0	112.0	310.0	 2
0.150216288674	17.0	181.0	112.0	310.0	 1
0.15099062134	17.0	180.0	113.0	310.0	 2
0.15377890862	16.0	181.0	113.0	310.0	 1
0.156328619961	15.0	182.0	113.0	310.0	 1
0.163718257469	15.0	181.0	114.0	310.0	 2
0.169521468191	15.0	180.0	115.0	310.0	 2
0.173192942444	15.0	179.0	116.0	310.0	 2
0.177892803547	14.0	180.0	116.0	310.0	 1
0.178539129409	14.0	179.0	117.0	310.0	 2
0.18210072545	14.0	178.0	118.0	310.0	 2
0.184976828294	14.0	177.0	119.0	310.0	 2
0.189154268837	13.0	178.0	119.0	310.0	 1
0.191553593174	12.0	179.0	119.0	310.0	 1
0.195468294011	11.0	180.0	119.0	310.0	 1
0.202772340147	11.0	179.0	120.0	310.0	 2
0.206888184975	10.0	180.0	120.0	310.0	 1
0.21450123088	9.0	181.0	120.0	310.0	 1
0.21971546135	9.0	180.0	121.0	310.0	 2
0.224528096268	9.0	179.0	122.0	310.0	 2
0.236798455954	8.0	180.0	122.0	310.0	 1
0.238179350486	8.0	179.0	123.0	310.0	 2
0.239714933686	8.0	178.0	124.0	310.0	 2
0.243678207249	8.0	177.0	125.0	310.0	 2
0.244286436775	8.0	176.0	126.0	310.0	 2
0.252044952425	8.0	175.0	127.0	310.0	 2
0.269611693197	8.0	174.0	128.0	310.0	 2
0.270765227892	8.0	173.0	129.0	310.0	 2
0.282005513444	7.0	174.0	129.0	310.0	 1
0.287912668508	7.0	173.0	130.0	310.0	 2
0.294836845262	7.0	172.0	131.0	310.0	 2
0.296385517932	7.0	171.0	132.0	310.0	 2
0.30145076607	7.0	170.0	133.0	310.0	 2
0.306873704112	7.0	169.0	134.0	310.0	 2
0.313450572378	6.0	170.0	134.0	310.0	 1
0.319607957601	6.0	169.0	135.0	310.0	 2
0.319930963348	5.0	170.0	135.0	310.0	 1
0.320155025888	5.0	169.0	136.0	310.0	 2
0.320444058409	5.0	168.0	137.0	310.0	 2
0.321619637978	4.0	169.0	137.0	310.0	 1
0.332126707517	4.0	168.0	138.0	310.0	 2
0.33475485796	4.0	167.0	139.0	310.0	 2
0.342032996338	4.0	166.0	140.0	310.0	 2
0.349885644978	4.0	165.0	141.0	310.0	 2
0.357029491567	4.0	164.0	142.0	310.0	 2
0.362606212584	4.0	163.0	143.0	310.0	 2
0.365247348927	4.0	162.0	144.0	310.0	 2
0.382137715631	4.0	161.0	145.0	310.0	 2
0.383830403935	4.0	160.0	146.0	310.0	 2
0.385407495893	3.0	161.0	146.0	310.0	 1
0.386448234811	3.0	160.0	147.0	310.0	 2
0.390238237635	3.0	159.0	148.0	310.0	 2
0.403828556604	3.0	158.0	149.0	310.0	 2
0.405021933273	3.0	157.0	150.0	310.0	 2
0.406223285153	3.0	156.0	151.0	310.0	 2
0.40898744635	3.0	155.0	152.0	310.0	 2
0.415147161873	2.0	156.0	152.0	310.0	 1
0.417104432416	2.0	155.0	153.0	310.0	 2
0.417894237796	2.0	154.0	154.0	310.0	 2
0.41822208448	2.0	153.0	155.0	310.0	 2
0.420683139606	2.0	152.0	156.0	310.0	 2
0.420931863479	2.0	151.0	157.0	310.0	 2
0.421479863154	2.0	150.0	158.0	310.0	 2
0.431534531324	2.0	149.0	159.0	310.0	 2
0.435180695002	2.0	148.0	160.0	310.0	 2
0.440626499356	2.0	147.0	161.0	310.0	 2
0.442703852534	2.0	146.0	162.0	310.0	 2
0.444148096514	2.0	145.0	163.0	310.0	 2
0.444454952009	2.0	144.0	164.0	310.0	 2
0.445276624777	2.0	143.0	165.0	310.0	 2
0.450164704765	2.0	142.0	166.0	310.0	 2
0.451754092409	2.0	141.0	167.0	310.0	 2
0.454545454545	2.0	141.0	167.0	310.0	 0
