# reactions: 2
Time	S	I	R	N	Fired Reaction
0.0	46.0	181.0	83.0	310.0	 0
0.0207308687572	45.0	182.0	83.0	310.0	 1
0.0211810135554	44.0	183.0	83.0	310.0	 1
0.0215891570597	44.0	182.0	84.0	310.0	 2
0.0281169209786	43.0	183.0	84.0	310.0	 1
0.0291849433729	42.0	184.0	84.0	310.0	 1
0.0292628925712	41.0	185.0	84.0	310.0	 1
0.0302822133274	41.0	184.0	85.0	310.0	 2
0.0319928020745	41.0	183.0	86.0	310.0	 2
0.040539646509	40.0	184.0	86.0	310.0	 1
0.0420509144077	40.0	183.0	87.0	310.0	 2
0.0468875416555	39.0	184.0	87.0	310.0	 1
0.0485385164946	39.0	183.0	88.0	310.0	 2
0.0533375998561	39.0	182.0	89.0	310.0	 2
0.054321269312	38.0	183.0	89.0	310.0	 1
0.0569676370105	38.0	182.0	90.0	310.0	 2
0.0576451749623	38.0	181.0	91.0	310.0	 2
0.0579380332668	37.0	182.0	91.0	310.0	 1
0.0606177791171	36.0	183.0	91.0	310.0	 1
0.0611066284547	35.0	184.0	91.0	310.0	 1
0.0615550641287	34.0	185.0	91.0	310.0	 1
0.0663504513456	34.0	184.0	92.0	310.0	 2
0.0681209201389	33.0	185.0	92.0	310.0	 1
0.0725748385055	33.0	184.0	93.0	310.0	 2
0.0732790244968	33.0	183.0	94.0	310.0	 2
0.0756979250146	33.0	182.0	95.0	310.0	 2
0.0778668114233	33.0	181.0	96.0	310.0	 2
0.0794359655236	32.0	182.0	96.0	310.0	 1
0.0805132702595	31.0	183.0	96.0	310.0	 1
0.0967796741018	31.0	182.0	97.0	310.0	 2
0.0972594330852	30.0	183.0	97.0	310.0	 1
0.0981466533587	30.0	182.0	98.0	310.0	 2
0.105209495472	30.0	181.0	99.0	310.0	 2
0.105857988763	30.0	180.0	100.0	310.0	 2
0.106185201711	30.0	179.0	101.0	310.0	 2
0.113664173481	29.0	180.0	101.0	310.0	 1
0.115245617571	28.0	181.0	101.0	310.0	 1
0.115513902364	27.0	182.0	101.0	310.0	 1
0.11626558586	27.0	181.0	102.0	310.0	 2
0.117098019948	27.0	180.0	103.0	310.0	 2
0.118237445231	26.0	181.0	103.0	310.0	 1
0.123049916877	26.0	180.0	104.0	310.0	 2
0.123389012216	25.0	181.0	104.0	310.0	 1
0.124887216759	25.0	180.0	105.0	310.0	 2
0.124896401697	24.0	181.0	105.0	310.0	 1
0.128487957822	24.0	180.0	106.0	310.0	 2
0.1297646671	24.0	179.0	107.0	310.0	 2
0.130003330801	23.0	180.0	107.0	310.0	 1
0.138615551571	23.0	179.0	108.0	310.0	 2
0.140702686292	22.0	180.0	108.0	310.0	 1
0.142382743829	22.0	179.0	109.0	310.0	 2
0.148265923093	21.0	180.0	109.0	310.0	 1
0.161545136801	20.0	181.0	109.0	310.0	 1
0.16213517138	20.0	180.0	110.0	310.0	 2
0.165819774837	19.0	181.0	110.0	310.0	 1
0.171956136694	19.0	180.0	111.0	310.0	 2
0.173579736162	19.0	179.0	112.0	310.0	 2
0.178481864271	19.0	178.0	113.0	310.0	 2
0.18662615744	19.0	177.0	114.0	310.0	 2
0.188718955027	19.0	176.0	115.0	310.0	 2
0.188815848177	19.0	175.0	116.0	310.0	 2
0.192085904049	19.0	174.0	117.0	310.0	 2
0.194167789108	19.0	173.0	118.0	310.0	 2
0.199692794082	19.0	172.0	119.0	310.0	 2
0.203348054473	19.0	171.0	120.0	310.0	 2
0.208326947232	18.0	172.0	120.0	310.0	 1
0.221211999439	18.0	171.0	121.0	310.0	 2
0.227528897544	18.0	170.0	122.0	310.0	 2
0.231886590287	17.0	171.0	122.0	310.0	 1
0.242447797159	17.0	170.0	123.0	310.0	 2
0.244203675391	17.0	169.0	124.0	310.0	 2
0.246059044684	16.0	170.0	124.0	310.0	 1
0.250122580295	15.0	171.0	124.0	310.0	 1
0.255325153366	15.0	170.0	125.0	310.0	 2
0.269475314306	15.0	169.0	126.0	310.0	 2
0.273571680538	14.0	170.0	126.0	310.0	 1
0.277926567263	14.0	169.0	127.0	310.0	 2
0.280803260439	14.0	168.0	128.0	310.0	 2
0.28128857441	13.0	169.0	128.0	310.0	 1
0.289815282183	13.0	168.0	129.0	310.0	 2
0.290132166496	13.0	167.0	130.0	310.0	 2
0.295245631582	13.0	166.0	131.0	310.0	 2
0.297005515072	13.0	165.0	132.0	310.0	 2
0.298141524877	13.0	164.0	133.0	310.0	 2
0.304304166851	13.0	163.0	134.0	310.0	 2
0.310811759518	12.0	164.0	134.0	310.0	 1
0.311477323046	11.0	165.0	134.0	310.0	 1
0.317433356105	11.0	164.0	135.0	310.0	 2
0.323613679786	11.0	163.0	136.0	310.0	 2
0.327585663827	11.0	162.0	137.0	310.0	 2
0.332291308094	11.0	161.0	138.0	310.0	 2
0.337219235259	11.0	160.0	139.0	310.0	 2
0.340465857868	10.0	161.0	139.0	310.0	 1
0.345058267142	10.0	160.0	140.0	310.0	 2
0.345813433522	10.0	159.0	141.0	310.0	 2
0.346929652294	10.0	158.0	142.0	310.0	 2
0.353557161129	10.0	157.0	143.0	310.0	 2
0.353793591849	10.0	156.0	144.0	310.0	 2
0.368568733073	10.0	155.0	145.0	310.0	 2
0.372346165454	10.0	154.0	146.0	310.0	 2
0.387173815182	10.0	153.0	147.0	310.0	 2
0.388212575419	10.0	152.0	148.0	310.0	 2
0.398879242883	10.0	151.0	149.0	310.0	 2
0.404332842482	10.0	150.0	150.0	310.0	 2
0.405792666262	10.0	149.0	151.0	310.0	 2
0.405946456561	10.0	148.0	152.0	310.0	 2
0.410018680013	9.0	149.0	152.0	310.0	 1
0.412424081292	9.0	148.0	153.0	310.0	 2
0.41267817325	9.0	147.0	154.0	310.0	 2
0.413847594367	8.0	148.0	154.0	310.0	 1
0.42147038508	8.0	147.0	155.0	310.0	 2
0.428141451674	8.0	146.0	156.0	310.0	 2
0.435939561877	8.0	145.0	157.0	310.0	 2
0.448360161151	8.0	144.0	158.0	310.0	 2
0.454545454545	8.0	144.0	158.0	310.0	 0
