# reactions: 2
Time	S	I	R	N	Fired Reaction
0.0	46.0	181.0	83.0	310.0	 0
0.00326709588087	45.0	182.0	83.0	310.0	 1
0.00634131010478	45.0	181.0	84.0	310.0	 2
0.00809709296159	44.0	182.0	84.0	310.0	 1
0.0101904001682	43.0	183.0	84.0	310.0	 1
0.0113752932858	42.0	184.0	84.0	310.0	 1
0.0116777128283	41.0	185.0	84.0	310.0	 1
0.014571115263	40.0	186.0	84.0	310.0	 1
0.0228637082273	40.0	185.0	85.0	310.0	 2
0.0285982761857	40.0	184.0	86.0	310.0	 2
0.0315729754437	39.0	185.0	86.0	310.0	 1
0.032961181991	39.0	184.0	87.0	310.0	 2
0.0419246350427	39.0	183.0	88.0	310.0	 2
0.0421052849023	38.0	184.0	88.0	310.0	 1
0.0449968408516	38.0	183.0	89.0	310.0	 2
0.0463042715663	38.0	182.0	90.0	310.0	 2
0.0469274060936	38.0	181.0	91.0	310.0	 2
0.0481409733885	38.0	180.0	92.0	310.0	 2
0.0481437403077	37.0	181.0	92.0	310.0	 1
0.0515930963847	37.0	180.0	93.0	310.0	 2
0.054840362179	37.0	179.0	94.0	310.0	 2
0.0583045870637	36.0	180.0	94.0	310.0	 1
0.0684592658093	36.0	179.0	95.0	310.0	 2
0.0702001011401	35.0	180.0	95.0	310.0	 1
0.0710241188561	34.0	181.0	95.0	310.0	 1
0.0714754770393	34.0	180.0	96.0	310.0	 2
0.0737092656245	33.0	181.0	96.0	310.0	 1
0.0772541546878	32.0	182.0	96.0	310.0	 1
0.0779807168027	31.0	183.0	96.0	310.0	 1
0.0797625961149	30.0	184.0	96.0	310.0	 1
0.0810761237672	29.0	185.0	96.0	310.0	 1
0.0857079990002	29.0	184.0	97.0	310.0	 2
0.0909977665161	28.0	185.0	97.0	310.0	 1
0.0985498740776	27.0	186.0	97.0	310.0	 1
0.102227889121	27.0	185.0	98.0	310.0	 2
0.107934871758	26.0	186.0	98.0	310.0	 1
0.108619820198	25.0	187.0	98.0	310.0	 1
0.110721107039	25.0	186.0	99.0	310.0	 2
0.112376584464	24.0	187.0	99.0	310.0	 1
0.115508866874	24.0	186.0	100.0	310.0	 2
0.120663497976	23.0	187.0	100.0	310.0	 1
0.121139129293	23.0	186.0	101.0	310.0	 2
0.122435868829	23.0	185.0	102.0	310.0	 2
0.129330679054	22.0	186.0	102.0	310.0	 1
0.132024356392	22.0	185.0	103.0	310.0	 2
0.14337581927	21.0	186.0	103.0	310.0	 1
0.148591904602	21.0	185.0	104.0	310.0	 2
0.154235268674	21.0	184.0	105.0	310.0	 2
0.156561817502	21.0	183.0	106.0	310.0	 2
0.15983654389	21.0	182.0	107.0	310.0	 2
0.165286736587	21.0	181.0	108.0	310.0	 2
0.166098446954	21.0	180.0	109.0	310.0	 2
0.166505918498	21.0	179.0	110.0	310.0	 2
0.166994638505	21.0	178.0	111.0	310.0	 2
0.169955891993	21.0	177.0	112.0	310.0	 2
0.173603543675	20.0	178.0	112.0	310.0	 1
0.180046526748	20.0	177.0	113.0	310.0	 2
0.191714107619	20.0	176.0	114.0	310.0	 2
0.19197382554	20.0	175.0	115.0	310.0	 2
0.192870706414	20.0	174.0	116.0	310.0	 2
0.193512930739	20.0	173.0	117.0	310.0	 2
0.200009742095	20.0	172.0	118.0	310.0	 2
0.201026535884	19.0	173.0	118.0	310.0	 1
0.201108926166	19.0	172.0	119.0	310.0	 2
0.20110967735	19.0	171.0	120.0	310.0	 2
0.216443957113	19.0	170.0	121.0	310.0	 2
0.220438321233	18.0	171.0	121.0	310.0	 1
0.232256687674	18.0	170.0	122.0	310.0	 2
0.233352225839	18.0	169.0	123.0	310.0	 2
0.23762016629	18.0	168.0	124.0	310.0	 2
0.239071362534	18.0	167.0	125.0	310.0	 2
0.24389036614	18.0	166.0	126.0	310.0	 2
0.246852106026	18.0	165.0	127.0	310.0	 2
0.251141679875	17.0	166.0	127.0	310.0	 1
0.266617409648	16.0	167.0	127.0	310.0	 1
0.269260783942	16.0	166.0	128.0	310.0	 2
0.283830910589	15.0	167.0	128.0	310.0	 1
0.292459167229	14.0	168.0	128.0	310.0	 1
0.294370349525	14.0	167.0	129.0	310.0	 2
0.298526168021	13.0	168.0	129.0	310.0	 1
0.30514668722	13.0	167.0	130.0	310.0	 2
0.306894234945	13.0	166.0	131.0	310.0	 2
0.310734672756	13.0	165.0	132.0	310.0	 2
0.325682985671	13.0	164.0	133.0	310.0	 2
0.327512538055	13.0	163.0	134.0	310.0	 2
0.329980822073	13.0	162.0	135.0	310.0	 2
0.333163834168	13.0	161.0	136.0	310.0	 2
0.341648092331	12.0	162.0	136.0	310.0	 1
0.34403879487	11.0	163.0	136.0	310.0	 1
0.353837103459	11.0	162.0	137.0	310.0	 2
0.356178994695	11.0	161.0	138.0	310.0	 2
0.356692898247	11.0	160.0	139.0	310.0	 2
0.360906830009	10.0	161.0	139.0	310.0	 1
0.371603018432	10.0	160.0	140.0	310.0	 2
0.382663255248	10.0	159.0	141.0	310.0	 2
0.389292664815	10.0	158.0	142.0	310.0	 2
0.389669025234	10.0	157.0	143.0	310.0	 2
0.396044170721	10.0	156.0	144.0	310.0	 2
0.397139626372	10.0	155.0	145.0	310.0	 2
0.405078263968	10.0	154.0	146.0	310.0	 2
0.412467404273	10.0	153.0	147.0	310.0	 2
0.426113119875	9.0	154.0	147.0	310.0	 1
0.427278156523	8.0	155.0	147.0	310.0	 1
0.438681302007	8.0	154.0	148.0	310.0	 2
0.439500285946	8.0	153.0	149.0	310.0	 2
0.440273467203	8.0	152.0	150.0	310.0	 2
0.446354564103	8.0	151.0	151.0	310.0	 2
0.448080822885	8.0	150.0	152.0	310.0	 2
0.454545454545	8.0	150.0	152.0	310.0	 0
