# reactions: 2
Time	S	I	R	N	Fired Reaction
0.0	46.0	181.0	83.0	310.0	 0
0.00596993352302	46.0	180.0	84.0	310.0	 2
0.0147914925838	45.0	181.0	84.0	310.0	 1
0.0203310548849	45.0	180.0	85.0	310.0	 2
0.0228757187875	44.0	181.0	85.0	310.0	 1
0.0326795199494	43.0	182.0	85.0	310.0	 1
0.033902882597	43.0	181.0	86.0	310.0	 2
0.0346669331597	43.0	180.0	87.0	310.0	 2
0.0398453726093	43.0	179.0	88.0	310.0	 2
0.0419573964406	43.0	178.0	89.0	310.0	 2
0.0452208808603	42.0	179.0	89.0	310.0	 1
0.0456461214212	41.0	180.0	89.0	310.0	 1
0.0457095722518	40.0	181.0	89.0	310.0	 1
0.0490123949894	39.0	182.0	89.0	310.0	 1
0.0509016153913	38.0	183.0	89.0	310.0	 1
0.058371976907	38.0	182.0	90.0	310.0	 2
0.0591271363825	37.0	183.0	90.0	310.0	 1
0.0632868410266	37.0	182.0	91.0	310.0	 2
0.0634553707133	36.0	183.0	91.0	310.0	 1
0.0666391004104	35.0	184.0	91.0	310.0	 1
0.067278291559	34.0	185.0	91.0	310.0	 1
0.069386109467	33.0	186.0	91.0	310.0	 1
0.0709996488436	33.0	185.0	92.0	310.0	 2
0.0729841803175	33.0	184.0	93.0	310.0	 2
0.0731951207901	33.0	183.0	94.0	310.0	 2
0.0741536141457	32.0	184.0	94.0	310.0	 1
0.0759048024053	31.0	185.0	94.0	310.0	 1
0.0762775750347	31.0	184.0	95.0	310.0	 2
0.0781777553592	30.0	185.0	95.0	310.0	 1
0.0784516712979	29.0	186.0	95.0	310.0	 1
0.078870904952	29.0	185.0	96.0	310.0	 2
0.0826318336048	29.0	184.0	97.0	310.0	 2
0.088462362482	29.0	183.0	98.0	310.0	 2
0.101005658144	28.0	184.0	98.0	310.0	 1
0.101317332332	27.0	185.0	98.0	310.0	 1
0.104794208138	27.0	184.0	99.0	310.0	 2
0.105632880475	26.0	185.0	99.0	310.0	 1
0.106372108346	26.0	184.0	100.0	310.0	 2
0.107702733538	25.0	185.0	100.0	310.0	 1
0.110451198313	25.0	184.0	101.0	310.0	 2
0.113936595137	24.0	185.0	101.0	310.0	 1
0.115373114878	24.0	184.0	102.0	310.0	 2
0.125507295761	24.0	183.0	103.0	310.0	 2
0.132579955657	24.0	182.0	104.0	310.0	 2
0.136082698405	24.0	181.0	105.0	310.0	 2
0.138892784135	24.0	180.0	106.0	310.0	 2
0.139307623796	23.0	181.0	106.0	310.0	 1
0.145565948069	23.0	180.0	107.0	310.0	 2
0.145898713223	23.0	179.0	108.0	310.0	 2
0.151197475346	22.0	180.0	108.0	310.0	 1
0.159132608552	21.0	181.0	108.0	310.0	 1
0.168296999598	21.0	180.0	109.0	310.0	 2
0.168360682155	20.0	181.0	109.0	310.0	 1
0.179957440041	19.0	182.0	109.0	310.0	 1
0.188483447709	19.0	181.0	110.0	310.0	 2
0.188620527607	18.0	182.0	110.0	310.0	 1
0.190390391256	18.0	181.0	111.0	310.0	 2
0.191255304882	18.0	180.0	112.0	310.0	 2
0.193626052565	18.0	179.0	113.0	310.0	 2
0.196385664663	17.0	180.0	113.0	310.0	 1
0.198323758228	16.0	181.0	113.0	310.0	 1
0.204461851512	16.0	180.0	114.0	310.0	 2
0.221818714152	16.0	179.0	115.0	310.0	 2
0.223721265291	16.0	178.0	116.0	310.0	 2
0.225394558293	16.0	177.0	117.0	310.0	 2
0.239153567945	16.0	176.0	118.0	310.0	 2
0.241297386797	16.0	175.0	119.0	310.0	 2
0.243730603984	16.0	174.0	120.0	310.0	 2
0.251093313736	16.0	173.0	121.0	310.0	 2
0.253727928165	16.0	172.0	122.0	310.0	 2
0.261767980171	16.0	171.0	123.0	310.0	 2
0.269449165459	16.0	170.0	124.0	310.0	 2
0.27111329221	15.0	171.0	124.0	310.0	 1
0.271765126384	15.0	170.0	125.0	310.0	 2
0.283236668001	15.0	169.0	126.0	310.0	 2
0.286064214467	15.0	168.0	127.0	310.0	 2
0.295907799263	14.0	169.0	127.0	310.0	 1
0.309172300882	14.0	168.0	128.0	310.0	 2
0.310559073324	14.0	167.0	129.0	310.0	 2
0.320867246827	14.0	166.0	130.0	310.0	 2
0.32717116071	14.0	165.0	131.0	310.0	 2
0.328350293133	14.0	164.0	132.0	310.0	 2
0.328474200111	13.0	165.0	132.0	310.0	 1
0.336509324386	12.0	166.0	132.0	310.0	 1
0.338505601679	11.0	167.0	132.0	310.0	 1
0.340588248271	11.0	166.0	133.0	310.0	 2
0.350438491203	11.0	165.0	134.0	310.0	 2
0.352376583292	11.0	164.0	135.0	310.0	 2
0.354291172541	11.0	163.0	136.0	310.0	 2
0.367788945203	11.0	162.0	137.0	310.0	 2
0.371398991791	10.0	163.0	137.0	310.0	 1
0.379379856885	10.0	162.0	138.0	310.0	 2
0.381647398442	9.0	163.0	138.0	310.0	 1
0.388188883223	9.0	162.0	139.0	310.0	 2
0.398295935603	9.0	161.0	140.0	310.0	 2
0.403974302248	9.0	160.0	141.0	310.0	 2
0.404300959476	9.0	159.0	142.0	310.0	 2
0.404966507141	9.0	158.0	143.0	310.0	 2
0.404980650485	9.0	157.0	144.0	310.0	 2
0.408890165101	9.0	156.0	145.0	310.0	 2
0.409456869687	9.0	155.0	146.0	310.0	 2
0.412318994691	9.0	154.0	147.0	310.0	 2
0.412400690047	8.0	155.0	147.0	310.0	 1
0.428157502021	8.0	154.0	148.0	310.0	 2
0.429872026599	7.0	155.0	148.0	310.0	 1
0.431999946188	7.0	154.0	149.0	310.0	 2
0.436013902203	7.0	153.0	150.0	310.0	 2
0.445112892641	7.0	152.0	151.0	310.0	 2
0.446073121498	7.0	151.0	152.0	310.0	 2
0.452604516582	7.0	150.0	153.0	310.0	 2
0.454545454545	7.0	150.0	153.0	310.0	 0
