# reactions: 2
Time	S	I	R	N	Fired Reaction
0.0	46.0	181.0	83.0	310.0	 0
0.000986756412798	46.0	180.0	84.0	310.0	 2
0.00162731242864	45.0	181.0	84.0	310.0	 1
0.00216980268907	44.0	182.0	84.0	310.0	 1
0.00751699628589	43.0	183.0	84.0	310.0	 1
0.0172106059366	42.0	184.0	84.0	310.0	 1
0.0193046194946	41.0	185.0	84.0	310.0	 1
0.020164373975	40.0	186.0	84.0	310.0	 1
0.0204039565026	40.0	185.0	85.0	310.0	 2
0.0206599781294	40.0	184.0	86.0	310.0	 2
0.0208691288021	40.0	183.0	87.0	310.0	 2
0.021116249485	40.0	182.0	88.0	310.0	 2
0.0223412996872	39.0	183.0	88.0	310.0	 1
0.0233981334778	39.0	182.0	89.0	310.0	 2
0.0259920116654	39.0	181.0	90.0	310.0	 2
0.0290918631458	39.0	180.0	91.0	310.0	 2
0.0293925685991	39.0	179.0	92.0	310.0	 2
0.0294906119259	38.0	180.0	92.0	310.0	 1
0.0309093463948	38.0	179.0	93.0	310.0	 2
0.031079719217	38.0	178.0	94.0	310.0	 2
0.0340611316407	37.0	179.0	94.0	310.0	 1
0.0399979459311	37.0	178.0	95.0	310.0	 2
0.0409167080219	37.0	177.0	96.0	310.0	 2
0.0415995434842	37.0	176.0	97.0	310.0	 2
0.0426239301715	37.0	175.0	98.0	310.0	 2
0.0470838170816	36.0	176.0	98.0	310.0	 1
0.0490081594285	36.0	175.0	99.0	310.0	 2
0.0498048624852	36.0	174.0	100.0	310.0	 2
0.0597217185888	35.0	175.0	100.0	310.0	 1
0.0636869837672	35.0	174.0	101.0	310.0	 2
0.0646158408278	35.0	173.0	102.0	310.0	 2
0.0667014897889	34.0	174.0	102.0	310.0	 1
0.0731609138333	33.0	175.0	102.0	310.0	 1
0.0736215049353	33.0	174.0	103.0	310.0	 2
0.0762217642784	32.0	175.0	103.0	310.0	 1
0.084823006171	31.0	176.0	103.0	310.0	 1
0.0849598587301	31.0	175.0	104.0	310.0	 2
0.0911977855835	31.0	174.0	105.0	310.0	 2
0.0914626806084	30.0	175.0	105.0	310.0	 1
0.104142296313	30.0	174.0	106.0	310.0	 2
0.107269777997	29.0	175.0	106.0	310.0	 1
0.113657500174	28.0	176.0	106.0	310.0	 1
0.114552906638	27.0	177.0	106.0	310.0	 1
0.116767746422	26.0	178.0	106.0	310.0	 1
0.118689822099	26.0	177.0	107.0	310.0	 2
0.125205230792	25.0	178.0	107.0	310.0	 1
0.125689831974	25.0	177.0	108.0	310.0	 2
0.131548731666	24.0	178.0	108.0	310.0	 1
0.134164831889	24.0	177.0	109.0	310.0	 2
0.134332065451	24.0	176.0	110.0	310.0	 2
0.141199179712	24.0	175.0	111.0	310.0	 2
0.141402346626	24.0	174.0	112.0	310.0	 2
0.143063321714	23.0	175.0	112.0	310.0	 1
0.14390313432	22.0	176.0	112.0	310.0	 1
0.145145251337	22.0	175.0	113.0	310.0	 2
0.150311683938	22.0	174.0	114.0	310.0	 2
0.155901795927	21.0	175.0	114.0	310.0	 1
0.158261088301	20.0	176.0	114.0	310.0	 1
0.158708914663	19.0	177.0	114.0	310.0	 1
0.165936263857	18.0	178.0	114.0	310.0	 1
0.166654949331	18.0	177.0	115.0	310.0	 2
0.167848222016	18.0	176.0	116.0	310.0	 2
0.172538226609	18.0	175.0	117.0	310.0	 2
0.1759310134	18.0	174.0	118.0	310.0	 2
0.177838323327	17.0	175.0	118.0	310.0	 1
0.178614914976	16.0	176.0	118.0	310.0	 1
0.181345871235	16.0	175.0	119.0	310.0	 2
0.185394126466	16.0	174.0	120.0	310.0	 2
0.186501072592	15.0	175.0	120.0	310.0	 1
0.194488231677	15.0	174.0	121.0	310.0	 2
0.194681155011	15.0	173.0	122.0	310.0	 2
0.199990328971	15.0	172.0	123.0	310.0	 2
0.203375494015	15.0	171.0	124.0	310.0	 2
0.205142431182	15.0	170.0	125.0	310.0	 2
0.208882760762	15.0	169.0	126.0	310.0	 2
0.211904116483	15.0	168.0	127.0	310.0	 2
0.21969835829	15.0	167.0	128.0	310.0	 2
0.22676997778	14.0	168.0	128.0	310.0	 1
0.226948294698	13.0	169.0	128.0	310.0	 1
0.228409675179	12.0	170.0	128.0	310.0	 1
0.230485209771	12.0	169.0	129.0	310.0	 2
0.238254757428	11.0	170.0	129.0	310.0	 1
0.238353241369	11.0	169.0	130.0	310.0	 2
0.241625747972	11.0	168.0	131.0	310.0	 2
0.249406141694	10.0	169.0	131.0	310.0	 1
0.252998470673	10.0	168.0	132.0	310.0	 2
0.261064015315	10.0	167.0	133.0	310.0	 2
0.265092824515	10.0	166.0	134.0	310.0	 2
0.275186460392	10.0	165.0	135.0	310.0	 2
0.276231696605	10.0	164.0	136.0	310.0	 2
0.276643142765	10.0	163.0	137.0	310.0	 2
0.279821818956	9.0	164.0	137.0	310.0	 1
0.282806036895	8.0	165.0	137.0	310.0	 1
0.284901546439	8.0	164.0	138.0	310.0	 2
0.288316566308	8.0	163.0	139.0	310.0	 2
0.297336733686	7.0	164.0	139.0	310.0	 1
0.298169845303	6.0	165.0	139.0	310.0	 1
0.302611476315	5.0	166.0	139.0	310.0	 1
0.309440659623	5.0	165.0	140.0	310.0	 2
0.309626636694	5.0	164.0	141.0	310.0	 2
0.311841741257	5.0	163.0	142.0	310.0	 2
0.314924299346	5.0	162.0	143.0	310.0	 2
0.317763719383	5.0	161.0	144.0	310.0	 2
0.319524628244	5.0	160.0	145.0	310.0	 2
0.333024321987	5.0	159.0	146.0	310.0	 2
0.359598837518	5.0	158.0	147.0	310.0	 2
0.359893199289	5.0	157.0	148.0	310.0	 2
0.369422398742	5.0	156.0	149.0	310.0	 2
0.372645540188	5.0	155.0	150.0	310.0	 2
0.37494051901	5.0	154.0	151.0	310.0	 2
0.378339695043	5.0	153.0	152.0	310.0	 2
0.385344654535	5.0	152.0	153.0	310.0	 2
0.388137528862	5.0	151.0	154.0	310.0	 2
0.398183754876	5.0	150.0	155.0	310.0	 2
0.399907522395	5.0	149.0	156.0	310.0	 2
0.404111457449	5.0	148.0	157.0	310.0	 2
0.421768143366	5.0	147.0	158.0	310.0	 2
0.431923464399	5.0	146.0	159.0	310.0	 2
0.438110050641	5.0	145.0	160.0	310.0	 2
0.445982532518	5.0	144.0	161.0	310.0	 2
0.454545454545	5.0	144.0	161.0	310.0	 0
