# reactions: 2
Time	S	I	R	N	Fired Reaction
0.0	46.0	181.0	83.0	310.0	 0
0.000225472394952	46.0	180.0	84.0	310.0	 2
0.00177116964772	46.0	179.0	85.0	310.0	 2
0.00267760206749	46.0	178.0	86.0	310.0	 2
0.00345446922912	46.0	177.0	87.0	310.0	 2
0.00576700399718	45.0	178.0	87.0	310.0	 1
0.00865938035697	45.0	177.0	88.0	310.0	 2
0.00953651141818	45.0	176.0	89.0	310.0	 2
0.0114296614262	45.0	175.0	90.0	310.0	 2
0.0150319859175	45.0	174.0	91.0	310.0	 2
0.0162939307017	44.0	175.0	91.0	310.0	 1
0.0163576046121	43.0	176.0	91.0	310.0	 1
0.0195338392602	43.0	175.0	92.0	310.0	 2
0.0199656911191	43.0	174.0	93.0	310.0	 2
0.0301833067841	42.0	175.0	93.0	310.0	 1
0.0421680089245	42.0	174.0	94.0	310.0	 2
0.0430559233096	41.0	175.0	94.0	310.0	 1
0.0455831318169	40.0	176.0	94.0	310.0	 1
0.0459534929172	39.0	177.0	94.0	310.0	 1
0.0475958322435	39.0	176.0	95.0	310.0	 2
0.0489364403905	39.0	175.0	96.0	310.0	 2
0.050778247621	39.0	174.0	97.0	310.0	 2
0.0606733134161	39.0	173.0	98.0	310.0	 2
0.0622569149893	39.0	172.0	99.0	310.0	 2
0.0648703657754	39.0	171.0	100.0	310.0	 2
0.0689754580837	39.0	170.0	101.0	310.0	 2
0.0715871635293	38.0	171.0	101.0	310.0	 1
0.0735409861421	37.0	172.0	101.0	310.0	 1
0.0765818641906	37.0	171.0	102.0	310.0	 2
0.0838477888762	37.0	170.0	103.0	310.0	 2
0.089437244888	37.0	169.0	104.0	310.0	 2
0.0925745035581	37.0	168.0	105.0	310.0	 2
0.0943176033102	37.0	167.0	106.0	310.0	 2
0.0948441833346	37.0	166.0	107.0	310.0	 2
0.0983972165813	36.0	167.0	107.0	310.0	 1
0.0987321400614	35.0	168.0	107.0	310.0	 1
0.105850979955	34.0	169.0	107.0	310.0	 1
0.10706370561	34.0	168.0	108.0	310.0	 2
0.111620832037	33.0	169.0	108.0	310.0	 1
0.112189388764	32.0	170.0	108.0	310.0	 1
0.113633892624	32.0	169.0	109.0	310.0	 2
0.114583939751	31.0	170.0	109.0	310.0	 1
0.116408010449	31.0	169.0	110.0	310.0	 2
0.119973208914	31.0	168.0	111.0	310.0	 2
0.120340512834	30.0	169.0	111.0	310.0	 1
0.120772596818	30.0	168.0	112.0	310.0	 2
0.127273430824	29.0	169.0	112.0	310.0	 1
0.128298267664	28.0	170.0	112.0	310.0	 1
0.12955399479	28.0	169.0	113.0	310.0	 2
0.131198234896	28.0	168.0	114.0	310.0	 2
0.133618422579	27.0	169.0	114.0	310.0	 1
0.142883600925	27.0	168.0	115.0	310.0	 2
0.143426357593	27.0	167.0	116.0	310.0	 2
0.14707490428	27.0	166.0	117.0	310.0	 2
0.156097163412	26.0	167.0	117.0	310.0	 1
0.15870823881	26.0	166.0	118.0	310.0	 2
0.163502033339	26.0	165.0	119.0	310.0	 2
0.165536040427	26.0	164.0	120.0	310.0	 2
0.166385482649	26.0	163.0	121.0	310.0	 2
0.170834422162	26.0	162.0	122.0	310.0	 2
0.172078259834	26.0	161.0	123.0	310.0	 2
0.175007177267	26.0	160.0	124.0	310.0	 2
0.183510006435	26.0	159.0	125.0	310.0	 2
0.18414218799	26.0	158.0	126.0	310.0	 2
0.185494469897	26.0	157.0	127.0	310.0	 2
0.189748359437	26.0	156.0	128.0	310.0	 2
0.190696080182	25.0	157.0	128.0	310.0	 1
0.199216633007	25.0	156.0	129.0	310.0	 2
0.199842003113	25.0	155.0	130.0	310.0	 2
0.205491723355	24.0	156.0	130.0	310.0	 1
0.20874831044	24.0	155.0	131.0	310.0	 2
0.212442878794	24.0	154.0	132.0	310.0	 2
0.212536022363	24.0	153.0	133.0	310.0	 2
0.212569885208	23.0	154.0	133.0	310.0	 1
0.216032750563	22.0	155.0	133.0	310.0	 1
0.216767102755	22.0	154.0	134.0	310.0	 2
0.217725840261	22.0	153.0	135.0	310.0	 2
0.222099683791	21.0	154.0	135.0	310.0	 1
0.224899170583	21.0	153.0	136.0	310.0	 2
0.225070526001	20.0	154.0	136.0	310.0	 1
0.230948638735	20.0	153.0	137.0	310.0	 2
0.234930348867	19.0	154.0	137.0	310.0	 1
0.23661443925	19.0	153.0	138.0	310.0	 2
0.239725798982	18.0	154.0	138.0	310.0	 1
0.240084266156	18.0	153.0	139.0	310.0	 2
0.247295027986	18.0	152.0	140.0	310.0	 2
0.250043937446	17.0	153.0	140.0	310.0	 1
0.25016639408	17.0	152.0	141.0	310.0	 2
0.251302597104	16.0	153.0	141.0	310.0	 1
0.257443160088	16.0	152.0	142.0	310.0	 2
0.258298636712	16.0	151.0	143.0	310.0	 2
0.259889851549	16.0	150.0	144.0	310.0	 2
0.265799909917	16.0	149.0	145.0	310.0	 2
0.266432084276	16.0	148.0	146.0	310.0	 2
0.272911877736	15.0	149.0	146.0	310.0	 1
0.273199557026	14.0	150.0	146.0	310.0	 1
0.276286139084	14.0	149.0	147.0	310.0	 2
0.28415311867	14.0	148.0	148.0	310.0	 2
0.295985419537	14.0	147.0	149.0	310.0	 2
0.300138582344	14.0	146.0	150.0	310.0	 2
0.301752075131	14.0	145.0	151.0	310.0	 2
0.302950479054	14.0	144.0	152.0	310.0	 2
0.30644467435	14.0	143.0	153.0	310.0	 2
0.307716656186	13.0	144.0	153.0	310.0	 1
0.311213815653	13.0	143.0	154.0	310.0	 2
0.313546258051	13.0	142.0	155.0	310.0	 2
0.320687369121	12.0	143.0	155.0	310.0	 1
0.328735348016	12.0	142.0	156.0	310.0	 2
0.34169050136	12.0	141.0	157.0	310.0	 2
0.345449139595	11.0	142.0	157.0	310.0	 1
0.346912049117	11.0	141.0	158.0	310.0	 2
0.349152966701	11.0	140.0	159.0	310.0	 2
0.350419292205	11.0	139.0	160.0	310.0	 2
0.363935770164	11.0	138.0	161.0	310.0	 2
0.364432613523	11.0	137.0	162.0	310.0	 2
0.374844512782	10.0	138.0	162.0	310.0	 1
0.378453189708	10.0	137.0	163.0	310.0	 2
0.383166176318	10.0	136.0	164.0	310.0	 2
0.405613084377	10.0	135.0	165.0	310.0	 2
0.429238286651	10.0	134.0	166.0	310.0	 2
0.434145245703	10.0	133.0	167.0	310.0	 2
0.440005546341	10.0	132.0	168.0	310.0	 2
0.446374834508	9.0	133.0	168.0	310.0	 1
0.446926729291	8.0	134.0	168.0	310.0	 1
0.454545454545	8.0	134.0	168.0	310.0	 0
