# reactions: 2
Time	S	I	R	N	Fired Reaction
0.0	46.0	181.0	83.0	310.0	 0
0.00262594721852	46.0	180.0	84.0	310.0	 2
0.00316323265657	45.0	181.0	84.0	310.0	 1
0.00349090331898	45.0	180.0	85.0	310.0	 2
0.00392357350036	45.0	179.0	86.0	310.0	 2
0.00520113028892	45.0	178.0	87.0	310.0	 2
0.0148604529853	44.0	179.0	87.0	310.0	 1
0.0149799556359	43.0	180.0	87.0	310.0	 1
0.0159537111243	42.0	181.0	87.0	310.0	 1
0.0163222638384	41.0	182.0	87.0	310.0	 1
0.0180297849001	40.0	183.0	87.0	310.0	 1
0.0180365316682	40.0	182.0	88.0	310.0	 2
0.0196975997181	39.0	183.0	88.0	310.0	 1
0.0201062747097	39.0	182.0	89.0	310.0	 2
0.0227849143816	38.0	183.0	89.0	310.0	 1
0.0245290563057	37.0	184.0	89.0	310.0	 1
0.025483118001	37.0	183.0	90.0	310.0	 2
0.0258884213557	36.0	184.0	90.0	310.0	 1
0.027091082456	36.0	183.0	91.0	310.0	 2
0.0274904266494	35.0	184.0	91.0	310.0	 1
0.0277205409124	35.0	183.0	92.0	310.0	 2
0.0277709378425	34.0	184.0	92.0	310.0	 1
0.0311080871343	34.0	183.0	93.0	310.0	 2
0.0321719528262	33.0	184.0	93.0	310.0	 1
0.0349550783887	32.0	185.0	93.0	310.0	 1
0.0414881865297	31.0	186.0	93.0	310.0	 1
0.0435222137055	31.0	185.0	94.0	310.0	 2
0.0458974064754	30.0	186.0	94.0	310.0	 1
0.0466116802294	30.0	185.0	95.0	310.0	 2
0.0485883801348	29.0	186.0	95.0	310.0	 1
0.0521852324023	28.0	187.0	95.0	310.0	 1
0.0621601219689	28.0	186.0	96.0	310.0	 2
0.0643871383033	28.0	185.0	97.0	310.0	 2
0.0672260406935	28.0	184.0	98.0	310.0	 2
0.068992933408	27.0	185.0	98.0	310.0	 1
0.069042714687	26.0	186.0	98.0	310.0	 1
0.0735910090796	26.0	185.0	99.0	310.0	 2
0.0788390259233	26.0	184.0	100.0	310.0	 2
0.0835289422707	25.0	185.0	100.0	310.0	 1
0.0837183711195	24.0	186.0	100.0	310.0	 1
0.0916699729606	24.0	185.0	101.0	310.0	 2
0.0942406082206	24.0	184.0	102.0	310.0	 2
0.098013352338	24.0	183.0	103.0	310.0	 2
0.101000472459	24.0	182.0	104.0	310.0	 2
0.101016076992	24.0	181.0	105.0	310.0	 2
0.107726751549	24.0	180.0	106.0	310.0	 2
0.107762749256	23.0	181.0	106.0	310.0	 1
0.118012991782	23.0	180.0	107.0	310.0	 2
0.119887542009	23.0	179.0	108.0	310.0	 2
0.124293373124	22.0	180.0	108.0	310.0	 1
0.129049649491	21.0	181.0	108.0	310.0	 1
0.129717761428	21.0	180.0	109.0	310.0	 2
0.13198913531	21.0	179.0	110.0	310.0	 2
0.134708527003	21.0	178.0	111.0	310.0	 2
0.134960769589	20.0	179.0	111.0	310.0	 1
0.145764287514	19.0	180.0	111.0	310.0	 1
0.146974529967	19.0	179.0	112.0	310.0	 2
0.149151071205	19.0	178.0	113.0	310.0	 2
0.156419905435	19.0	177.0	114.0	310.0	 2
0.156834610816	19.0	176.0	115.0	310.0	 2
0.158108914431	19.0	175.0	116.0	310.0	 2
0.173436316676	18.0	176.0	116.0	310.0	 1
0.175055039179	18.0	175.0	117.0	310.0	 2
0.187502463097	17.0	176.0	117.0	310.0	 1
0.187980490262	17.0	175.0	118.0	310.0	 2
0.188747484942	17.0	174.0	119.0	310.0	 2
0.192504707658	17.0	173.0	120.0	310.0	 2
0.197506349459	17.0	172.0	121.0	310.0	 2
0.207578501884	17.0	171.0	122.0	310.0	 2
0.212141717956	16.0	172.0	122.0	310.0	 1
0.216374472411	15.0	173.0	122.0	310.0	 1
0.217092337165	14.0	174.0	122.0	310.0	 1
0.218127166145	14.0	173.0	123.0	310.0	 2
0.219206763165	14.0	172.0	124.0	310.0	 2
0.221469414647	13.0	173.0	124.0	310.0	 1
0.224196708684	12.0	174.0	124.0	310.0	 1
0.23277171333	12.0	173.0	125.0	310.0	 2
0.235553144639	12.0	172.0	126.0	310.0	 2
0.244758387515	11.0	173.0	126.0	310.0	 1
0.248895201194	11.0	172.0	127.0	310.0	 2
0.253766859045	11.0	171.0	128.0	310.0	 2
0.267202577796	10.0	172.0	128.0	310.0	 1
0.280253707646	9.0	173.0	128.0	310.0	 1
0.288517128515	9.0	172.0	129.0	310.0	 2
0.297088478265	9.0	171.0	130.0	310.0	 2
0.306505762337	8.0	172.0	130.0	310.0	 1
0.306887016839	7.0	173.0	130.0	310.0	 1
0.308325359156	6.0	174.0	130.0	310.0	 1
0.31018260885	5.0	175.0	130.0	310.0	 1
0.315985387327	5.0	174.0	131.0	310.0	 2
0.316103506361	5.0	173.0	132.0	310.0	 2
0.321487040923	5.0	172.0	133.0	310.0	 2
0.325697180081	5.0	171.0	134.0	310.0	 2
0.326010376216	5.0	170.0	135.0	310.0	 2
0.326044657474	5.0	169.0	136.0	310.0	 2
0.333496954016	5.0	168.0	137.0	310.0	 2
0.333646404457	5.0	167.0	138.0	310.0	 2
0.33940500837	5.0	166.0	139.0	310.0	 2
0.340200495792	5.0	165.0	140.0	310.0	 2
0.347787888985	4.0	166.0	140.0	310.0	 1
0.350154523171	4.0	165.0	141.0	310.0	 2
0.35024271146	4.0	164.0	142.0	310.0	 2
0.377187001975	4.0	163.0	143.0	310.0	 2
0.379600234294	3.0	164.0	143.0	310.0	 1
0.385634485824	3.0	163.0	144.0	310.0	 2
0.394404175544	3.0	162.0	145.0	310.0	 2
0.400350079205	3.0	161.0	146.0	310.0	 2
0.411039666972	2.0	162.0	146.0	310.0	 1
0.412925813349	2.0	161.0	147.0	310.0	 2
0.434124803651	2.0	160.0	148.0	310.0	 2
0.434830363066	2.0	159.0	149.0	310.0	 2
0.450091618153	2.0	158.0	150.0	310.0	 2
0.451848391688	2.0	157.0	151.0	310.0	 2
0.454545454545	2.0	157.0	151.0	310.0	 0
