# reactions: 2
Time	S	I	R	N	Fired Reaction
0.0	46.0	181.0	83.0	310.0	 0
0.00114915519286	45.0	182.0	83.0	310.0	 1
0.00743913018923	45.0	181.0	84.0	310.0	 2
0.00896965181146	44.0	182.0	84.0	310.0	 1
0.0111752435639	43.0	183.0	84.0	310.0	 1
0.0118397582922	42.0	184.0	84.0	310.0	 1
0.0137421866111	42.0	183.0	85.0	310.0	 2
0.0138251558459	42.0	182.0	86.0	310.0	 2
0.0144298255565	41.0	183.0	86.0	310.0	 1
0.0210792995259	41.0	182.0	87.0	310.0	 2
0.0220899420423	40.0	183.0	87.0	310.0	 1
0.0254982847339	39.0	184.0	87.0	310.0	 1
0.0289599885015	38.0	185.0	87.0	310.0	 1
0.0307244324089	38.0	184.0	88.0	310.0	 2
0.0311371334183	37.0	185.0	88.0	310.0	 1
0.0317591832043	37.0	184.0	89.0	310.0	 2
0.0344139594642	37.0	183.0	90.0	310.0	 2
0.0462284093935	36.0	184.0	90.0	310.0	 1
0.0509245867642	36.0	183.0	91.0	310.0	 2
0.0522046654372	35.0	184.0	91.0	310.0	 1
0.0540135071064	35.0	183.0	92.0	310.0	 2
0.0556396064723	35.0	182.0	93.0	310.0	 2
0.056264423405	35.0	181.0	94.0	310.0	 2
0.056913623204	34.0	182.0	94.0	310.0	 1
0.0588469779003	34.0	181.0	95.0	310.0	 2
0.0614539094682	33.0	182.0	95.0	310.0	 1
0.0632921725349	33.0	181.0	96.0	310.0	 2
0.0648688465237	33.0	180.0	97.0	310.0	 2
0.0718710451638	32.0	181.0	97.0	310.0	 1
0.0750440949274	32.0	180.0	98.0	310.0	 2
0.081813104522	31.0	181.0	98.0	310.0	 1
0.0819176719921	31.0	180.0	99.0	310.0	 2
0.0919953268745	31.0	179.0	100.0	310.0	 2
0.0939662322898	30.0	180.0	100.0	310.0	 1
0.0955318953912	30.0	179.0	101.0	310.0	 2
0.0999335903057	29.0	180.0	101.0	310.0	 1
0.100112780096	28.0	181.0	101.0	310.0	 1
0.100721846897	28.0	180.0	102.0	310.0	 2
0.103358841128	27.0	181.0	102.0	310.0	 1
0.103771481422	27.0	180.0	103.0	310.0	 2
0.107205958504	27.0	179.0	104.0	310.0	 2
0.123131631582	27.0	178.0	105.0	310.0	 2
0.123496951494	26.0	179.0	105.0	310.0	 1
0.125273582484	25.0	180.0	105.0	310.0	 1
0.127106988571	25.0	179.0	106.0	310.0	 2
0.128756077601	25.0	178.0	107.0	310.0	 2
0.132791853256	25.0	177.0	108.0	310.0	 2
0.134348965767	24.0	178.0	108.0	310.0	 1
0.135282083117	23.0	179.0	108.0	310.0	 1
0.136544454188	23.0	178.0	109.0	310.0	 2
0.145090213914	23.0	177.0	110.0	310.0	 2
0.147530818617	22.0	178.0	110.0	310.0	 1
0.151766275057	22.0	177.0	111.0	310.0	 2
0.154381457677	22.0	176.0	112.0	310.0	 2
0.160598461561	22.0	175.0	113.0	310.0	 2
0.160938158271	21.0	176.0	113.0	310.0	 1
0.164418881105	20.0	177.0	113.0	310.0	 1
0.165308019999	20.0	176.0	114.0	310.0	 2
0.165459433728	20.0	175.0	115.0	310.0	 2
0.167492379424	20.0	174.0	116.0	310.0	 2
0.168380767054	20.0	173.0	117.0	310.0	 2
0.173112915266	19.0	174.0	117.0	310.0	 1
0.17531369305	19.0	173.0	118.0	310.0	 2
0.177317930034	19.0	172.0	119.0	310.0	 2
0.18242695222	18.0	173.0	119.0	310.0	 1
0.203335861201	18.0	172.0	120.0	310.0	 2
0.206686575662	17.0	173.0	120.0	310.0	 1
0.209497760323	17.0	172.0	121.0	310.0	 2
0.21406640531	17.0	171.0	122.0	310.0	 2
0.215634051981	17.0	170.0	123.0	310.0	 2
0.219535099253	16.0	171.0	123.0	310.0	 1
0.219671355878	16.0	170.0	124.0	310.0	 2
0.22846401479	15.0	171.0	124.0	310.0	 1
0.22903986939	14.0	172.0	124.0	310.0	 1
0.229405339599	13.0	173.0	124.0	310.0	 1
0.234805258229	13.0	172.0	125.0	310.0	 2
0.235629455996	13.0	171.0	126.0	310.0	 2
0.236325740023	13.0	170.0	127.0	310.0	 2
0.237335371075	13.0	169.0	128.0	310.0	 2
0.241888366125	12.0	170.0	128.0	310.0	 1
0.257038726776	12.0	169.0	129.0	310.0	 2
0.26140638571	12.0	168.0	130.0	310.0	 2
0.284176254979	12.0	167.0	131.0	310.0	 2
0.287953383231	12.0	166.0	132.0	310.0	 2
0.291797960581	11.0	167.0	132.0	310.0	 1
0.303630212351	11.0	166.0	133.0	310.0	 2
0.304990275322	11.0	165.0	134.0	310.0	 2
0.306925321921	11.0	164.0	135.0	310.0	 2
0.307321624472	11.0	163.0	136.0	310.0	 2
0.314108322865	10.0	164.0	136.0	310.0	 1
0.315792427922	9.0	165.0	136.0	310.0	 1
0.327794847767	9.0	164.0	137.0	310.0	 2
0.331492478571	8.0	165.0	137.0	310.0	 1
0.336738029842	8.0	164.0	138.0	310.0	 2
0.337181937278	7.0	165.0	138.0	310.0	 1
0.337350920047	7.0	164.0	139.0	310.0	 2
0.347512420451	7.0	163.0	140.0	310.0	 2
0.358262527717	6.0	164.0	140.0	310.0	 1
0.359231834583	6.0	163.0	141.0	310.0	 2
0.363514040337	6.0	162.0	142.0	310.0	 2
0.372350819626	5.0	163.0	142.0	310.0	 1
0.380023404714	4.0	164.0	142.0	310.0	 1
0.380734644878	4.0	163.0	143.0	310.0	 2
0.385186021199	4.0	162.0	144.0	310.0	 2
0.39483623498	4.0	161.0	145.0	310.0	 2
0.399508326158	3.0	162.0	145.0	310.0	 1
0.401290976309	3.0	161.0	146.0	310.0	 2
0.402186731553	3.0	160.0	147.0	310.0	 2
0.406858887079	3.0	159.0	148.0	310.0	 2
0.409091983863	3.0	158.0	149.0	310.0	 2
0.409977096965	3.0	157.0	150.0	310.0	 2
0.410441171499	3.0	156.0	151.0	310.0	 2
0.412629221511	3.0	155.0	152.0	310.0	 2
0.432482022395	3.0	154.0	153.0	310.0	 2
0.445802974878	3.0	153.0	154.0	310.0	 2
0.450535649504	3.0	152.0	155.0	310.0	 2
0.454545454545	3.0	152.0	155.0	310.0	 0
