# reactions: 2
Time	S	I	R	N	Fired Reaction
0.0	46.0	181.0	83.0	310.0	 0
0.00160724089779	45.0	182.0	83.0	310.0	 1
0.00594010555571	44.0	183.0	83.0	310.0	 1
0.00651016490821	44.0	182.0	84.0	310.0	 2
0.0089737565922	43.0	183.0	84.0	310.0	 1
0.0102551842386	42.0	184.0	84.0	310.0	 1
0.0115590408292	42.0	183.0	85.0	310.0	 2
0.0164821905635	41.0	184.0	85.0	310.0	 1
0.0169845020552	41.0	183.0	86.0	310.0	 2
0.0243053619724	41.0	182.0	87.0	310.0	 2
0.0260634024627	40.0	183.0	87.0	310.0	 1
0.029400855441	40.0	182.0	88.0	310.0	 2
0.0299726442386	39.0	183.0	88.0	310.0	 1
0.0309629145872	39.0	182.0	89.0	310.0	 2
0.0309920638488	39.0	181.0	90.0	310.0	 2
0.0367572476228	39.0	180.0	91.0	310.0	 2
0.0386317968456	38.0	181.0	91.0	310.0	 1
0.039230655157	37.0	182.0	91.0	310.0	 1
0.0407015287973	36.0	183.0	91.0	310.0	 1
0.0407284086832	35.0	184.0	91.0	310.0	 1
0.0425596495458	35.0	183.0	92.0	310.0	 2
0.0443430393694	35.0	182.0	93.0	310.0	 2
0.0471223303429	34.0	183.0	93.0	310.0	 1
0.0489926832335	34.0	182.0	94.0	310.0	 2
0.056247735236	33.0	183.0	94.0	310.0	 1
0.0577274316506	33.0	182.0	95.0	310.0	 2
0.0588965445915	33.0	181.0	96.0	310.0	 2
0.0622375663532	33.0	180.0	97.0	310.0	 2
0.0642243698451	32.0	181.0	97.0	310.0	 1
0.0766170725752	31.0	182.0	97.0	310.0	 1
0.0812355918629	30.0	183.0	97.0	310.0	 1
0.0825184309351	29.0	184.0	97.0	310.0	 1
0.0876235063678	28.0	185.0	97.0	310.0	 1
0.0893737921949	27.0	186.0	97.0	310.0	 1
0.0911974049188	26.0	187.0	97.0	310.0	 1
0.100628633701	26.0	186.0	98.0	310.0	 2
0.104569294887	26.0	185.0	99.0	310.0	 2
0.108524008004	26.0	184.0	100.0	310.0	 2
0.109141697877	25.0	185.0	100.0	310.0	 1
0.109946660526	25.0	184.0	101.0	310.0	 2
0.110012276883	25.0	183.0	102.0	310.0	 2
0.112187572926	25.0	182.0	103.0	310.0	 2
0.112657417298	25.0	181.0	104.0	310.0	 2
0.114862323191	25.0	180.0	105.0	310.0	 2
0.115465864748	25.0	179.0	106.0	310.0	 2
0.116322824228	25.0	178.0	107.0	310.0	 2
0.119764596067	24.0	179.0	107.0	310.0	 1
0.12037225942	23.0	180.0	107.0	310.0	 1
0.127076987548	23.0	179.0	108.0	310.0	 2
0.129971939207	23.0	178.0	109.0	310.0	 2
0.131371969559	22.0	179.0	109.0	310.0	 1
0.13219730727	22.0	178.0	110.0	310.0	 2
0.138582483526	22.0	177.0	111.0	310.0	 2
0.138962100544	22.0	176.0	112.0	310.0	 2
0.142812422419	22.0	175.0	113.0	310.0	 2
0.146227182235	21.0	176.0	113.0	310.0	 1
0.146624212627	20.0	177.0	113.0	310.0	 1
0.152278287566	20.0	176.0	114.0	310.0	 2
0.159652048252	20.0	175.0	115.0	310.0	 2
0.166553750372	19.0	176.0	115.0	310.0	 1
0.166614097378	19.0	175.0	116.0	310.0	 2
0.167603324651	19.0	174.0	117.0	310.0	 2
0.168646452379	19.0	173.0	118.0	310.0	 2
0.183445582579	19.0	172.0	119.0	310.0	 2
0.192207899282	18.0	173.0	119.0	310.0	 1
0.199429584085	17.0	174.0	119.0	310.0	 1
0.205129896393	17.0	173.0	120.0	310.0	 2
0.214263590344	17.0	172.0	121.0	310.0	 2
0.219180864331	16.0	173.0	121.0	310.0	 1
0.221320223839	16.0	172.0	122.0	310.0	 2
0.229360258608	16.0	171.0	123.0	310.0	 2
0.231440285819	16.0	170.0	124.0	310.0	 2
0.232247092204	16.0	169.0	125.0	310.0	 2
0.233509697721	16.0	168.0	126.0	310.0	 2
0.236117448182	16.0	167.0	127.0	310.0	 2
0.237540268746	16.0	166.0	128.0	310.0	 2
0.250207138096	15.0	167.0	128.0	310.0	 1
0.267771240809	15.0	166.0	129.0	310.0	 2
0.269046021496	15.0	165.0	130.0	310.0	 2
0.269988566902	15.0	164.0	131.0	310.0	 2
0.270313472772	14.0	165.0	131.0	310.0	 1
0.274400000614	13.0	166.0	131.0	310.0	 1
0.279366171224	13.0	165.0	132.0	310.0	 2
0.282119671819	13.0	164.0	133.0	310.0	 2
0.285912412588	13.0	163.0	134.0	310.0	 2
0.290172298693	13.0	162.0	135.0	310.0	 2
0.300153610932	13.0	161.0	136.0	310.0	 2
0.30037998911	13.0	160.0	137.0	310.0	 2
0.314796848599	13.0	159.0	138.0	310.0	 2
0.315083135789	12.0	160.0	138.0	310.0	 1
0.316915137805	12.0	159.0	139.0	310.0	 2
0.320300373665	12.0	158.0	140.0	310.0	 2
0.324777501842	12.0	157.0	141.0	310.0	 2
0.326947924403	12.0	156.0	142.0	310.0	 2
0.328552296612	12.0	155.0	143.0	310.0	 2
0.328685448951	11.0	156.0	143.0	310.0	 1
0.332974561506	10.0	157.0	143.0	310.0	 1
0.346048041207	10.0	156.0	144.0	310.0	 2
0.347801798651	9.0	157.0	144.0	310.0	 1
0.348564968343	9.0	156.0	145.0	310.0	 2
0.353623493504	8.0	157.0	145.0	310.0	 1
0.367811608413	8.0	156.0	146.0	310.0	 2
0.36894767533	8.0	155.0	147.0	310.0	 2
0.373536541103	8.0	154.0	148.0	310.0	 2
0.37585748187	8.0	153.0	149.0	310.0	 2
0.3762026472	8.0	152.0	150.0	310.0	 2
0.378323837591	8.0	151.0	151.0	310.0	 2
0.380229461802	8.0	150.0	152.0	310.0	 2
0.385852898752	8.0	149.0	153.0	310.0	 2
0.395930771317	8.0	148.0	154.0	310.0	 2
0.396811673565	8.0	147.0	155.0	310.0	 2
0.399711836895	8.0	146.0	156.0	310.0	 2
0.41149811288	8.0	145.0	157.0	310.0	 2
0.411930959164	8.0	144.0	158.0	310.0	 2
0.415124107027	8.0	143.0	159.0	310.0	 2
0.416074478026	8.0	142.0	160.0	310.0	 2
0.418612038647	8.0	141.0	161.0	310.0	 2
0.427579092093	8.0	140.0	162.0	310.0	 2
0.435503708387	7.0	141.0	162.0	310.0	 1
0.449749738896	6.0	142.0	162.0	310.0	 1
0.451407804257	6.0	141.0	163.0	310.0	 2
0.451494764605	5.0	142.0	163.0	310.0	 1
0.454298632366	5.0	141.0	164.0	310.0	 2
0.454545454545	5.0	141.0	164.0	310.0	 0
