# reactions: 2
Time	S	I	R	N	Fired Reaction
0.0	46.0	181.0	83.0	310.0	 0
0.000181481927274	46.0	180.0	84.0	310.0	 2
0.00329149440682	45.0	181.0	84.0	310.0	 1
0.00424828671818	45.0	180.0	85.0	310.0	 2
0.00595813798371	45.0	179.0	86.0	310.0	 2
0.0101158013306	44.0	180.0	86.0	310.0	 1
0.0129155285676	43.0	181.0	86.0	310.0	 1
0.0147452456422	42.0	182.0	86.0	310.0	 1
0.0158759872877	42.0	181.0	87.0	310.0	 2
0.0174691392065	41.0	182.0	87.0	310.0	 1
0.017493793549	40.0	183.0	87.0	310.0	 1
0.0194010417772	39.0	184.0	87.0	310.0	 1
0.0201471028836	38.0	185.0	87.0	310.0	 1
0.0227781578765	37.0	186.0	87.0	310.0	 1
0.0238935877813	37.0	185.0	88.0	310.0	 2
0.0247106729802	36.0	186.0	88.0	310.0	 1
0.0298699667928	36.0	185.0	89.0	310.0	 2
0.036557854423	36.0	184.0	90.0	310.0	 2
0.0371749009085	35.0	185.0	90.0	310.0	 1
0.0435833016269	35.0	184.0	91.0	310.0	 2
0.0444215884638	35.0	183.0	92.0	310.0	 2
0.0522086195289	35.0	182.0	93.0	310.0	 2
0.0531873161981	35.0	181.0	94.0	310.0	 2
0.0601934696961	34.0	182.0	94.0	310.0	 1
0.0638162444577	33.0	183.0	94.0	310.0	 1
0.0650482112372	33.0	182.0	95.0	310.0	 2
0.0699250235092	33.0	181.0	96.0	310.0	 2
0.0746135942059	33.0	180.0	97.0	310.0	 2
0.0746299311648	33.0	179.0	98.0	310.0	 2
0.0756194993412	33.0	178.0	99.0	310.0	 2
0.0836935850862	33.0	177.0	100.0	310.0	 2
0.0851784895446	32.0	178.0	100.0	310.0	 1
0.089431399038	32.0	177.0	101.0	310.0	 2
0.0899957289349	31.0	178.0	101.0	310.0	 1
0.0909402081098	31.0	177.0	102.0	310.0	 2
0.0914071736568	30.0	178.0	102.0	310.0	 1
0.092219606766	30.0	177.0	103.0	310.0	 2
0.0966222725892	29.0	178.0	103.0	310.0	 1
0.0968831804574	29.0	177.0	104.0	310.0	 2
0.0998203610575	28.0	178.0	104.0	310.0	 1
0.102908939442	27.0	179.0	104.0	310.0	 1
0.105511162236	26.0	180.0	104.0	310.0	 1
0.107233455127	26.0	179.0	105.0	310.0	 2
0.10750078906	26.0	178.0	106.0	310.0	 2
0.110899142571	25.0	179.0	106.0	310.0	 1
0.117315635267	25.0	178.0	107.0	310.0	 2
0.12086038976	25.0	177.0	108.0	310.0	 2
0.123711970235	25.0	176.0	109.0	310.0	 2
0.125983176168	25.0	175.0	110.0	310.0	 2
0.129717462194	25.0	174.0	111.0	310.0	 2
0.130397352177	25.0	173.0	112.0	310.0	 2
0.131156532798	24.0	174.0	112.0	310.0	 1
0.131821056244	23.0	175.0	112.0	310.0	 1
0.136314969522	23.0	174.0	113.0	310.0	 2
0.140694971759	22.0	175.0	113.0	310.0	 1
0.146093748105	22.0	174.0	114.0	310.0	 2
0.146270800373	22.0	173.0	115.0	310.0	 2
0.152724770322	21.0	174.0	115.0	310.0	 1
0.152985039783	20.0	175.0	115.0	310.0	 1
0.165531295304	19.0	176.0	115.0	310.0	 1
0.169644830655	18.0	177.0	115.0	310.0	 1
0.170543458018	17.0	178.0	115.0	310.0	 1
0.171474648084	17.0	177.0	116.0	310.0	 2
0.173559914928	17.0	176.0	117.0	310.0	 2
0.178381554423	17.0	175.0	118.0	310.0	 2
0.181784784966	17.0	174.0	119.0	310.0	 2
0.182382859728	17.0	173.0	120.0	310.0	 2
0.186738987097	17.0	172.0	121.0	310.0	 2
0.190218646928	17.0	171.0	122.0	310.0	 2
0.195042199694	16.0	172.0	122.0	310.0	 1
0.197776741877	15.0	173.0	122.0	310.0	 1
0.212064194368	15.0	172.0	123.0	310.0	 2
0.218652168689	15.0	171.0	124.0	310.0	 2
0.224057746217	15.0	170.0	125.0	310.0	 2
0.234444300106	15.0	169.0	126.0	310.0	 2
0.23479745829	15.0	168.0	127.0	310.0	 2
0.236714842318	15.0	167.0	128.0	310.0	 2
0.241922739101	14.0	168.0	128.0	310.0	 1
0.242281230046	14.0	167.0	129.0	310.0	 2
0.246324509846	13.0	168.0	129.0	310.0	 1
0.247887532514	12.0	169.0	129.0	310.0	 1
0.25212963175	12.0	168.0	130.0	310.0	 2
0.252822032401	11.0	169.0	130.0	310.0	 1
0.25642261325	11.0	168.0	131.0	310.0	 2
0.264989408656	11.0	167.0	132.0	310.0	 2
0.26871211965	11.0	166.0	133.0	310.0	 2
0.271328169453	11.0	165.0	134.0	310.0	 2
0.280845129866	11.0	164.0	135.0	310.0	 2
0.283239388406	11.0	163.0	136.0	310.0	 2
0.284761662339	10.0	164.0	136.0	310.0	 1
0.286521745476	10.0	163.0	137.0	310.0	 2
0.287503317367	9.0	164.0	137.0	310.0	 1
0.291994937867	9.0	163.0	138.0	310.0	 2
0.29281672238	8.0	164.0	138.0	310.0	 1
0.305785789216	8.0	163.0	139.0	310.0	 2
0.306500924625	8.0	162.0	140.0	310.0	 2
0.309351561771	8.0	161.0	141.0	310.0	 2
0.309665544855	7.0	162.0	141.0	310.0	 1
0.314895646223	6.0	163.0	141.0	310.0	 1
0.315604773953	5.0	164.0	141.0	310.0	 1
0.317293986516	5.0	163.0	142.0	310.0	 2
0.327417962242	5.0	162.0	143.0	310.0	 2
0.352732382899	5.0	161.0	144.0	310.0	 2
0.36160223869	5.0	160.0	145.0	310.0	 2
0.368656781207	4.0	161.0	145.0	310.0	 1
0.370951242032	4.0	160.0	146.0	310.0	 2
0.372141197483	4.0	159.0	147.0	310.0	 2
0.37590333136	4.0	158.0	148.0	310.0	 2
0.376444691046	4.0	157.0	149.0	310.0	 2
0.380031945753	4.0	156.0	150.0	310.0	 2
0.387444884668	4.0	155.0	151.0	310.0	 2
0.38860450403	4.0	154.0	152.0	310.0	 2
0.403544954891	4.0	153.0	153.0	310.0	 2
0.405137380196	4.0	152.0	154.0	310.0	 2
0.406587830901	4.0	151.0	155.0	310.0	 2
0.415603202225	4.0	150.0	156.0	310.0	 2
0.41652404827	4.0	149.0	157.0	310.0	 2
0.437253814378	4.0	148.0	158.0	310.0	 2
0.438706838248	4.0	147.0	159.0	310.0	 2
0.454545454545	4.0	147.0	159.0	310.0	 0
