# reactions: 2
Time	S	I	R	N	Fired Reaction
0.0	46.0	181.0	83.0	310.0	 0
0.000323437478129	45.0	182.0	83.0	310.0	 1
0.00328513557597	44.0	183.0	83.0	310.0	 1
0.011996666787	44.0	182.0	84.0	310.0	 2
0.0141089564796	43.0	183.0	84.0	310.0	 1
0.0186202192416	43.0	182.0	85.0	310.0	 2
0.0196317683175	42.0	183.0	85.0	310.0	 1
0.0197646829483	41.0	184.0	85.0	310.0	 1
0.0213942822723	40.0	185.0	85.0	310.0	 1
0.0214447515951	40.0	184.0	86.0	310.0	 2
0.0215677729712	40.0	183.0	87.0	310.0	 2
0.0255004718192	40.0	182.0	88.0	310.0	 2
0.0257989389897	39.0	183.0	88.0	310.0	 1
0.0268711559335	38.0	184.0	88.0	310.0	 1
0.031617892747	38.0	183.0	89.0	310.0	 2
0.0324877946149	38.0	182.0	90.0	310.0	 2
0.0374749052254	37.0	183.0	90.0	310.0	 1
0.0452915354128	37.0	182.0	91.0	310.0	 2
0.0456409386268	36.0	183.0	91.0	310.0	 1
0.0533255887875	35.0	184.0	91.0	310.0	 1
0.0580764453654	34.0	185.0	91.0	310.0	 1
0.0616674716114	34.0	184.0	92.0	310.0	 2
0.0625075959252	34.0	183.0	93.0	310.0	 2
0.0647169426407	33.0	184.0	93.0	310.0	 1
0.0738193237013	33.0	183.0	94.0	310.0	 2
0.0752608549094	33.0	182.0	95.0	310.0	 2
0.0765547636126	32.0	183.0	95.0	310.0	 1
0.0800096251156	31.0	184.0	95.0	310.0	 1
0.0811787196794	30.0	185.0	95.0	310.0	 1
0.0895532450495	30.0	184.0	96.0	310.0	 2
0.090397700931	29.0	185.0	96.0	310.0	 1
0.0924508626791	28.0	186.0	96.0	310.0	 1
0.0941342265341	28.0	185.0	97.0	310.0	 2
0.0968904016793	28.0	184.0	98.0	310.0	 2
0.096978867497	28.0	183.0	99.0	310.0	 2
0.0970877620515	27.0	184.0	99.0	310.0	 1
0.102314366633	27.0	183.0	100.0	310.0	 2
0.10431038708	27.0	182.0	101.0	310.0	 2
0.117980665126	26.0	183.0	101.0	310.0	 1
0.11809851162	25.0	184.0	101.0	310.0	 1
0.120303840632	25.0	183.0	102.0	310.0	 2
0.121946061969	24.0	184.0	102.0	310.0	 1
0.12271513967	23.0	185.0	102.0	310.0	 1
0.127339290515	23.0	184.0	103.0	310.0	 2
0.128014332346	23.0	183.0	104.0	310.0	 2
0.129447908529	23.0	182.0	105.0	310.0	 2
0.13145324379	23.0	181.0	106.0	310.0	 2
0.136270373491	22.0	182.0	106.0	310.0	 1
0.138909956363	22.0	181.0	107.0	310.0	 2
0.144929081677	22.0	180.0	108.0	310.0	 2
0.15228553403	22.0	179.0	109.0	310.0	 2
0.155747391047	21.0	180.0	109.0	310.0	 1
0.15846207721	20.0	181.0	109.0	310.0	 1
0.162110840081	20.0	180.0	110.0	310.0	 2
0.162897818279	20.0	179.0	111.0	310.0	 2
0.166543561199	20.0	178.0	112.0	310.0	 2
0.169624314026	20.0	177.0	113.0	310.0	 2
0.175049808035	20.0	176.0	114.0	310.0	 2
0.176426853045	19.0	177.0	114.0	310.0	 1
0.180278655836	19.0	176.0	115.0	310.0	 2
0.183079667927	19.0	175.0	116.0	310.0	 2
0.183650410718	19.0	174.0	117.0	310.0	 2
0.18508516701	18.0	175.0	117.0	310.0	 1
0.186041803946	17.0	176.0	117.0	310.0	 1
0.189663721213	17.0	175.0	118.0	310.0	 2
0.189867408479	17.0	174.0	119.0	310.0	 2
0.190435004889	16.0	175.0	119.0	310.0	 1
0.192877553789	15.0	176.0	119.0	310.0	 1
0.203969909916	14.0	177.0	119.0	310.0	 1
0.207848626058	13.0	178.0	119.0	310.0	 1
0.211404673126	13.0	177.0	120.0	310.0	 2
0.238175927739	13.0	176.0	121.0	310.0	 2
0.250730152606	13.0	175.0	122.0	310.0	 2
0.254478819201	12.0	176.0	122.0	310.0	 1
0.255133458578	12.0	175.0	123.0	310.0	 2
0.267269944626	12.0	174.0	124.0	310.0	 2
0.270672263563	11.0	175.0	124.0	310.0	 1
0.272823385099	10.0	176.0	124.0	310.0	 1
0.273139103669	10.0	175.0	125.0	310.0	 2
0.275850533166	9.0	176.0	125.0	310.0	 1
0.286545411142	8.0	177.0	125.0	310.0	 1
0.290013292493	7.0	178.0	125.0	310.0	 1
0.290105196432	6.0	179.0	125.0	310.0	 1
0.293789888386	6.0	178.0	126.0	310.0	 2
0.302906010466	5.0	179.0	126.0	310.0	 1
0.312367612122	5.0	178.0	127.0	310.0	 2
0.313863740684	5.0	177.0	128.0	310.0	 2
0.314298598846	5.0	176.0	129.0	310.0	 2
0.325204923434	5.0	175.0	130.0	310.0	 2
0.347165848137	4.0	176.0	130.0	310.0	 1
0.352434481307	4.0	175.0	131.0	310.0	 2
0.352798731018	4.0	174.0	132.0	310.0	 2
0.368556530418	4.0	173.0	133.0	310.0	 2
0.371802534608	4.0	172.0	134.0	310.0	 2
0.389830975037	4.0	171.0	135.0	310.0	 2
0.39780389302	4.0	170.0	136.0	310.0	 2
0.409883870185	4.0	169.0	137.0	310.0	 2
0.410181915509	3.0	170.0	137.0	310.0	 1
0.415966084369	3.0	169.0	138.0	310.0	 2
0.423290257452	3.0	168.0	139.0	310.0	 2
0.425500619459	3.0	167.0	140.0	310.0	 2
0.432290054418	3.0	166.0	141.0	310.0	 2
0.437617708555	3.0	165.0	142.0	310.0	 2
0.445711021614	3.0	164.0	143.0	310.0	 2
0.447370549568	3.0	163.0	144.0	310.0	 2
0.454545454545	3.0	163.0	144.0	310.0	 0
