# reactions: 2
Time	S	I	R	N	Fired Reaction
0.0	46.0	181.0	83.0	310.0	 0
0.00368129907146	46.0	180.0	84.0	310.0	 2
0.00877882100234	45.0	181.0	84.0	310.0	 1
0.0175539274797	44.0	182.0	84.0	310.0	 1
0.0196437348411	44.0	181.0	85.0	310.0	 2
0.0229007300014	43.0	182.0	85.0	310.0	 1
0.0230375352368	42.0	183.0	85.0	310.0	 1
0.0230398662339	41.0	184.0	85.0	310.0	 1
0.0231691636515	40.0	185.0	85.0	310.0	 1
0.0233343561665	40.0	184.0	86.0	310.0	 2
0.0239878444749	39.0	185.0	86.0	310.0	 1
0.0245976378252	38.0	186.0	86.0	310.0	 1
0.0285826205778	38.0	185.0	87.0	310.0	 2
0.0328787497568	37.0	186.0	87.0	310.0	 1
0.0383277390137	36.0	187.0	87.0	310.0	 1
0.038995302839	35.0	188.0	87.0	310.0	 1
0.0410690781458	34.0	189.0	87.0	310.0	 1
0.0416792381782	33.0	190.0	87.0	310.0	 1
0.0454721600528	33.0	189.0	88.0	310.0	 2
0.0521573446875	32.0	190.0	88.0	310.0	 1
0.0535662580123	32.0	189.0	89.0	310.0	 2
0.0541216306972	31.0	190.0	89.0	310.0	 1
0.054318728398	31.0	189.0	90.0	310.0	 2
0.0552875926916	31.0	188.0	91.0	310.0	 2
0.0564289032639	30.0	189.0	91.0	310.0	 1
0.0575396451458	29.0	190.0	91.0	310.0	 1
0.0580599112822	29.0	189.0	92.0	310.0	 2
0.0622550301079	29.0	188.0	93.0	310.0	 2
0.0753926561488	29.0	187.0	94.0	310.0	 2
0.0779438418174	29.0	186.0	95.0	310.0	 2
0.081748599068	28.0	187.0	95.0	310.0	 1
0.0840149796319	28.0	186.0	96.0	310.0	 2
0.0923908743803	27.0	187.0	96.0	310.0	 1
0.0930454591389	27.0	186.0	97.0	310.0	 2
0.0932848130329	27.0	185.0	98.0	310.0	 2
0.0995612808456	26.0	186.0	98.0	310.0	 1
0.103816041809	25.0	187.0	98.0	310.0	 1
0.108437277144	24.0	188.0	98.0	310.0	 1
0.113882790599	24.0	187.0	99.0	310.0	 2
0.116023192744	23.0	188.0	99.0	310.0	 1
0.118218686706	22.0	189.0	99.0	310.0	 1
0.123268346269	22.0	188.0	100.0	310.0	 2
0.125567222912	21.0	189.0	100.0	310.0	 1
0.127954348302	21.0	188.0	101.0	310.0	 2
0.128854269145	21.0	187.0	102.0	310.0	 2
0.136875580847	20.0	188.0	102.0	310.0	 1
0.1378681388	20.0	187.0	103.0	310.0	 2
0.139725719834	19.0	188.0	103.0	310.0	 1
0.140813951905	18.0	189.0	103.0	310.0	 1
0.142027651287	18.0	188.0	104.0	310.0	 2
0.14294232935	18.0	187.0	105.0	310.0	 2
0.149159541391	18.0	186.0	106.0	310.0	 2
0.154366486905	17.0	187.0	106.0	310.0	 1
0.154835824729	16.0	188.0	106.0	310.0	 1
0.155939762622	16.0	187.0	107.0	310.0	 2
0.15791207915	15.0	188.0	107.0	310.0	 1
0.165538487034	15.0	187.0	108.0	310.0	 2
0.167510311298	15.0	186.0	109.0	310.0	 2
0.172832679286	14.0	187.0	109.0	310.0	 1
0.173210362641	13.0	188.0	109.0	310.0	 1
0.173435578864	12.0	189.0	109.0	310.0	 1
0.175918030193	12.0	188.0	110.0	310.0	 2
0.18211955902	12.0	187.0	111.0	310.0	 2
0.193262545685	12.0	186.0	112.0	310.0	 2
0.194967846103	12.0	185.0	113.0	310.0	 2
0.195176341462	12.0	184.0	114.0	310.0	 2
0.195209500729	12.0	183.0	115.0	310.0	 2
0.195979828123	11.0	184.0	115.0	310.0	 1
0.199303130383	11.0	183.0	116.0	310.0	 2
0.206855547749	10.0	184.0	116.0	310.0	 1
0.209104984773	10.0	183.0	117.0	310.0	 2
0.21116537278	10.0	182.0	118.0	310.0	 2
0.214296949753	10.0	181.0	119.0	310.0	 2
0.216891692957	10.0	180.0	120.0	310.0	 2
0.223595944464	10.0	179.0	121.0	310.0	 2
0.226503496819	10.0	178.0	122.0	310.0	 2
0.230343894523	10.0	177.0	123.0	310.0	 2
0.231116493978	10.0	176.0	124.0	310.0	 2
0.238656445143	9.0	177.0	124.0	310.0	 1
0.242995464717	9.0	176.0	125.0	310.0	 2
0.244063573938	9.0	175.0	126.0	310.0	 2
0.247395889838	9.0	174.0	127.0	310.0	 2
0.251062473059	9.0	173.0	128.0	310.0	 2
0.256736565101	9.0	172.0	129.0	310.0	 2
0.260342544074	9.0	171.0	130.0	310.0	 2
0.263705589332	9.0	170.0	131.0	310.0	 2
0.264299204407	9.0	169.0	132.0	310.0	 2
0.269768446642	9.0	168.0	133.0	310.0	 2
0.275781754057	8.0	169.0	133.0	310.0	 1
0.280808840022	8.0	168.0	134.0	310.0	 2
0.287379662072	8.0	167.0	135.0	310.0	 2
0.290578513626	8.0	166.0	136.0	310.0	 2
0.299584954067	8.0	165.0	137.0	310.0	 2
0.301096879809	8.0	164.0	138.0	310.0	 2
0.313157132256	8.0	163.0	139.0	310.0	 2
0.315443450456	8.0	162.0	140.0	310.0	 2
0.321359817272	8.0	161.0	141.0	310.0	 2
0.321492709046	8.0	160.0	142.0	310.0	 2
0.322207129187	8.0	159.0	143.0	310.0	 2
0.330229393156	8.0	158.0	144.0	310.0	 2
0.333557371486	8.0	157.0	145.0	310.0	 2
0.347222337139	8.0	156.0	146.0	310.0	 2
0.347572292884	8.0	155.0	147.0	310.0	 2
0.353185463847	8.0	154.0	148.0	310.0	 2
0.356773068129	8.0	153.0	149.0	310.0	 2
0.357686279816	7.0	154.0	149.0	310.0	 1
0.365174116338	7.0	153.0	150.0	310.0	 2
0.390154861661	7.0	152.0	151.0	310.0	 2
0.390916826437	7.0	151.0	152.0	310.0	 2
0.404477147458	7.0	150.0	153.0	310.0	 2
0.413342140479	7.0	149.0	154.0	310.0	 2
0.419055101087	7.0	148.0	155.0	310.0	 2
0.42498431478	7.0	147.0	156.0	310.0	 2
0.427657012865	7.0	146.0	157.0	310.0	 2
0.438753448336	7.0	145.0	158.0	310.0	 2
0.443765501596	7.0	144.0	159.0	310.0	 2
0.445261699595	7.0	143.0	160.0	310.0	 2
0.449172066961	7.0	142.0	161.0	310.0	 2
0.454545454545	7.0	142.0	161.0	310.0	 0
