# reactions: 2
Time	S	I	R	N	Fired Reaction
0.0	46.0	181.0	83.0	310.0	 0
0.00222818912381	46.0	180.0	84.0	310.0	 2
0.00261938330875	45.0	181.0	84.0	310.0	 1
0.00384103219575	44.0	182.0	84.0	310.0	 1
0.00495479512337	43.0	183.0	84.0	310.0	 1
0.00499292017076	42.0	184.0	84.0	310.0	 1
0.00940118710803	41.0	185.0	84.0	310.0	 1
0.0190907872785	40.0	186.0	84.0	310.0	 1
0.0208622597855	40.0	185.0	85.0	310.0	 2
0.0233502815169	40.0	184.0	86.0	310.0	 2
0.0239245550827	40.0	183.0	87.0	310.0	 2
0.0265237716968	40.0	182.0	88.0	310.0	 2
0.0271563296006	39.0	183.0	88.0	310.0	 1
0.0285334437465	38.0	184.0	88.0	310.0	 1
0.0411372765614	38.0	183.0	89.0	310.0	 2
0.0428619046031	38.0	182.0	90.0	310.0	 2
0.0455845155085	37.0	183.0	90.0	310.0	 1
0.0465195068908	36.0	184.0	90.0	310.0	 1
0.0475528843706	36.0	183.0	91.0	310.0	 2
0.0482908263722	36.0	182.0	92.0	310.0	 2
0.0517340701775	35.0	183.0	92.0	310.0	 1
0.0586029127018	35.0	182.0	93.0	310.0	 2
0.060104415073	35.0	181.0	94.0	310.0	 2
0.0649342829312	35.0	180.0	95.0	310.0	 2
0.0684100978603	34.0	181.0	95.0	310.0	 1
0.0699622325858	33.0	182.0	95.0	310.0	 1
0.0764354665202	33.0	181.0	96.0	310.0	 2
0.0780844752088	33.0	180.0	97.0	310.0	 2
0.0822606393822	33.0	179.0	98.0	310.0	 2
0.084817200886	33.0	178.0	99.0	310.0	 2
0.085973515057	33.0	177.0	100.0	310.0	 2
0.0919089184721	32.0	178.0	100.0	310.0	 1
0.0920652941023	32.0	177.0	101.0	310.0	 2
0.0959661900907	31.0	178.0	101.0	310.0	 1
0.0983476448517	31.0	177.0	102.0	310.0	 2
0.103205733583	30.0	178.0	102.0	310.0	 1
0.104472548361	29.0	179.0	102.0	310.0	 1
0.109774896925	29.0	178.0	103.0	310.0	 2
0.116589779486	29.0	177.0	104.0	310.0	 2
0.120287317518	29.0	176.0	105.0	310.0	 2
0.121292336016	29.0	175.0	106.0	310.0	 2
0.125510088375	28.0	176.0	106.0	310.0	 1
0.128246353095	28.0	175.0	107.0	310.0	 2
0.133249129893	28.0	174.0	108.0	310.0	 2
0.135568981998	28.0	173.0	109.0	310.0	 2
0.137346511668	28.0	172.0	110.0	310.0	 2
0.141267215583	28.0	171.0	111.0	310.0	 2
0.141977112305	27.0	172.0	111.0	310.0	 1
0.14420819697	26.0	173.0	111.0	310.0	 1
0.145291710098	26.0	172.0	112.0	310.0	 2
0.146638463572	26.0	171.0	113.0	310.0	 2
0.154107024305	26.0	170.0	114.0	310.0	 2
0.154673998694	25.0	171.0	114.0	310.0	 1
0.155586223736	24.0	172.0	114.0	310.0	 1
0.157176632403	23.0	173.0	114.0	310.0	 1
0.167361591193	22.0	174.0	114.0	310.0	 1
0.170598646757	21.0	175.0	114.0	310.0	 1
0.173829296902	21.0	174.0	115.0	310.0	 2
0.175171997609	21.0	173.0	116.0	310.0	 2
0.177670640707	21.0	172.0	117.0	310.0	 2
0.181225685919	21.0	171.0	118.0	310.0	 2
0.183788062966	21.0	170.0	119.0	310.0	 2
0.200073003029	21.0	169.0	120.0	310.0	 2
0.206345244925	20.0	170.0	120.0	310.0	 1
0.207553236129	20.0	169.0	121.0	310.0	 2
0.210269347322	20.0	168.0	122.0	310.0	 2
0.210936376385	20.0	167.0	123.0	310.0	 2
0.216523003749	20.0	166.0	124.0	310.0	 2
0.219241679353	20.0	165.0	125.0	310.0	 2
0.219783035381	19.0	166.0	125.0	310.0	 1
0.228120620282	18.0	167.0	125.0	310.0	 1
0.23086129222	17.0	168.0	125.0	310.0	 1
0.23689409226	17.0	167.0	126.0	310.0	 2
0.237456801442	17.0	166.0	127.0	310.0	 2
0.243647715521	17.0	165.0	128.0	310.0	 2
0.247905964644	17.0	164.0	129.0	310.0	 2
0.252677428881	16.0	165.0	129.0	310.0	 1
0.261308856387	16.0	164.0	130.0	310.0	 2
0.264891223111	16.0	163.0	131.0	310.0	 2
0.266797220648	15.0	164.0	131.0	310.0	 1
0.271256028737	14.0	165.0	131.0	310.0	 1
0.275919073161	14.0	164.0	132.0	310.0	 2
0.278356752108	14.0	163.0	133.0	310.0	 2
0.282993705646	14.0	162.0	134.0	310.0	 2
0.291414047711	14.0	161.0	135.0	310.0	 2
0.293742630075	13.0	162.0	135.0	310.0	 1
0.297741661332	12.0	163.0	135.0	310.0	 1
0.298491144252	12.0	162.0	136.0	310.0	 2
0.300841004194	11.0	163.0	136.0	310.0	 1
0.304966881511	11.0	162.0	137.0	310.0	 2
0.305629782441	10.0	163.0	137.0	310.0	 1
0.311557079317	10.0	162.0	138.0	310.0	 2
0.318649321892	10.0	161.0	139.0	310.0	 2
0.324333887211	10.0	160.0	140.0	310.0	 2
0.331988354904	10.0	159.0	141.0	310.0	 2
0.332059000088	10.0	158.0	142.0	310.0	 2
0.332093349185	10.0	157.0	143.0	310.0	 2
0.332461877391	9.0	158.0	143.0	310.0	 1
0.332965412987	9.0	157.0	144.0	310.0	 2
0.334063501521	8.0	158.0	144.0	310.0	 1
0.33762303233	8.0	157.0	145.0	310.0	 2
0.351831909674	8.0	156.0	146.0	310.0	 2
0.360761722579	8.0	155.0	147.0	310.0	 2
0.391012882716	8.0	154.0	148.0	310.0	 2
0.397732905612	7.0	155.0	148.0	310.0	 1
0.397946044978	7.0	154.0	149.0	310.0	 2
0.404111581882	7.0	153.0	150.0	310.0	 2
0.409471180252	7.0	152.0	151.0	310.0	 2
0.414477462381	7.0	151.0	152.0	310.0	 2
0.418776697428	7.0	150.0	153.0	310.0	 2
0.421169096166	7.0	149.0	154.0	310.0	 2
0.422001638905	7.0	148.0	155.0	310.0	 2
0.424874297195	7.0	147.0	156.0	310.0	 2
0.431867059266	7.0	146.0	157.0	310.0	 2
0.431957934162	7.0	145.0	158.0	310.0	 2
0.434195825453	7.0	144.0	159.0	310.0	 2
0.44221502913	6.0	145.0	159.0	310.0	 1
0.445070968468	6.0	144.0	160.0	310.0	 2
0.445183735109	6.0	143.0	161.0	310.0	 2
0.450334388939	6.0	142.0	162.0	310.0	 2
0.453301950281	6.0	141.0	163.0	310.0	 2
0.454545454545	6.0	141.0	163.0	310.0	 0
