# reactions: 2
Time	S	I	R	N	Fired Reaction
0.0	46.0	181.0	83.0	310.0	 0
0.00173978950768	45.0	182.0	83.0	310.0	 1
0.0126613090039	44.0	183.0	83.0	310.0	 1
0.0181163379609	44.0	182.0	84.0	310.0	 2
0.0192834703345	44.0	181.0	85.0	310.0	 2
0.0207370471111	44.0	180.0	86.0	310.0	 2
0.0214313735734	43.0	181.0	86.0	310.0	 1
0.0220732650071	43.0	180.0	87.0	310.0	 2
0.0242107761904	43.0	179.0	88.0	310.0	 2
0.0252907037309	42.0	180.0	88.0	310.0	 1
0.026665778516	42.0	179.0	89.0	310.0	 2
0.0351603100402	41.0	180.0	89.0	310.0	 1
0.0381103162338	41.0	179.0	90.0	310.0	 2
0.0395417807748	40.0	180.0	90.0	310.0	 1
0.0430523328977	40.0	179.0	91.0	310.0	 2
0.0455732436321	40.0	178.0	92.0	310.0	 2
0.047031587635	39.0	179.0	92.0	310.0	 1
0.0483871961	39.0	178.0	93.0	310.0	 2
0.0505030345263	39.0	177.0	94.0	310.0	 2
0.0506910662926	39.0	176.0	95.0	310.0	 2
0.0509620329857	38.0	177.0	95.0	310.0	 1
0.0542225809494	37.0	178.0	95.0	310.0	 1
0.0566261537078	36.0	179.0	95.0	310.0	 1
0.0621777373732	36.0	178.0	96.0	310.0	 2
0.0626867466875	35.0	179.0	96.0	310.0	 1
0.0628843928189	35.0	178.0	97.0	310.0	 2
0.0646537779339	35.0	177.0	98.0	310.0	 2
0.0660266362296	34.0	178.0	98.0	310.0	 1
0.0677251010442	34.0	177.0	99.0	310.0	 2
0.0678411960026	33.0	178.0	99.0	310.0	 1
0.0695266358964	33.0	177.0	100.0	310.0	 2
0.0706474932335	33.0	176.0	101.0	310.0	 2
0.0748506780521	32.0	177.0	101.0	310.0	 1
0.0773568467739	32.0	176.0	102.0	310.0	 2
0.0778606789028	31.0	177.0	102.0	310.0	 1
0.0784320100493	31.0	176.0	103.0	310.0	 2
0.0805819050395	30.0	177.0	103.0	310.0	 1
0.0816524440412	30.0	176.0	104.0	310.0	 2
0.0889145949101	29.0	177.0	104.0	310.0	 1
0.0899057529824	29.0	176.0	105.0	310.0	 2
0.0937264779814	28.0	177.0	105.0	310.0	 1
0.0973387378984	28.0	176.0	106.0	310.0	 2
0.101646339505	28.0	175.0	107.0	310.0	 2
0.104237301545	28.0	174.0	108.0	310.0	 2
0.105019069449	28.0	173.0	109.0	310.0	 2
0.107364151091	28.0	172.0	110.0	310.0	 2
0.110471409042	28.0	171.0	111.0	310.0	 2
0.112705445908	28.0	170.0	112.0	310.0	 2
0.119189030656	28.0	169.0	113.0	310.0	 2
0.120163526365	27.0	170.0	113.0	310.0	 1
0.120929771561	26.0	171.0	113.0	310.0	 1
0.13225429082	26.0	170.0	114.0	310.0	 2
0.145796886517	26.0	169.0	115.0	310.0	 2
0.151874639587	25.0	170.0	115.0	310.0	 1
0.160705355553	25.0	169.0	116.0	310.0	 2
0.161077201462	25.0	168.0	117.0	310.0	 2
0.161078735076	24.0	169.0	117.0	310.0	 1
0.162144030694	24.0	168.0	118.0	310.0	 2
0.173920515981	24.0	167.0	119.0	310.0	 2
0.182946272176	24.0	166.0	120.0	310.0	 2
0.186722401794	23.0	167.0	120.0	310.0	 1
0.18762735746	23.0	166.0	121.0	310.0	 2
0.188693688785	23.0	165.0	122.0	310.0	 2
0.195010046908	22.0	166.0	122.0	310.0	 1
0.203631468182	22.0	165.0	123.0	310.0	 2
0.216488359323	22.0	164.0	124.0	310.0	 2
0.217537036699	22.0	163.0	125.0	310.0	 2
0.224301260026	21.0	164.0	125.0	310.0	 1
0.227858120192	20.0	165.0	125.0	310.0	 1
0.230595476246	20.0	164.0	126.0	310.0	 2
0.233638277942	20.0	163.0	127.0	310.0	 2
0.237982703215	20.0	162.0	128.0	310.0	 2
0.238497353017	19.0	163.0	128.0	310.0	 1
0.264492462327	19.0	162.0	129.0	310.0	 2
0.267235005653	18.0	163.0	129.0	310.0	 1
0.273548475219	18.0	162.0	130.0	310.0	 2
0.27597455229	17.0	163.0	130.0	310.0	 1
0.280706340491	16.0	164.0	130.0	310.0	 1
0.282236167454	16.0	163.0	131.0	310.0	 2
0.284973613307	16.0	162.0	132.0	310.0	 2
0.293072245255	15.0	163.0	132.0	310.0	 1
0.293761338874	15.0	162.0	133.0	310.0	 2
0.294693184167	15.0	161.0	134.0	310.0	 2
0.294986696254	15.0	160.0	135.0	310.0	 2
0.297032303529	15.0	159.0	136.0	310.0	 2
0.3022889596	15.0	158.0	137.0	310.0	 2
0.305190570368	15.0	157.0	138.0	310.0	 2
0.305772971692	15.0	156.0	139.0	310.0	 2
0.307664537998	15.0	155.0	140.0	310.0	 2
0.317591050082	14.0	156.0	140.0	310.0	 1
0.317938745243	13.0	157.0	140.0	310.0	 1
0.319321317542	13.0	156.0	141.0	310.0	 2
0.324628669362	13.0	155.0	142.0	310.0	 2
0.333925499157	13.0	154.0	143.0	310.0	 2
0.344453274041	13.0	153.0	144.0	310.0	 2
0.362817927433	12.0	154.0	144.0	310.0	 1
0.368946170175	12.0	153.0	145.0	310.0	 2
0.371977660387	11.0	154.0	145.0	310.0	 1
0.372206533501	11.0	153.0	146.0	310.0	 2
0.38170166058	11.0	152.0	147.0	310.0	 2
0.386064966104	11.0	151.0	148.0	310.0	 2
0.392037328905	11.0	150.0	149.0	310.0	 2
0.395588775333	11.0	149.0	150.0	310.0	 2
0.401567100548	10.0	150.0	150.0	310.0	 1
0.401731569272	10.0	149.0	151.0	310.0	 2
0.404059893931	10.0	148.0	152.0	310.0	 2
0.40488224674	10.0	147.0	153.0	310.0	 2
0.408227999978	10.0	146.0	154.0	310.0	 2
0.428349021879	10.0	145.0	155.0	310.0	 2
0.430438796898	10.0	144.0	156.0	310.0	 2
0.438835843983	10.0	143.0	157.0	310.0	 2
0.446619364169	9.0	144.0	157.0	310.0	 1
0.448165376685	9.0	143.0	158.0	310.0	 2
0.449308697582	9.0	142.0	159.0	310.0	 2
0.454545454545	9.0	142.0	159.0	310.0	 0
